/*--------------------------------*- C++ -*----------------------------------*\
| =========                 |                                                 |
| \\      /  F ield         | OpenFOAM: The Open Source CFD Toolbox           |
|  \\    /   O peration     | Version:  v2012                                 |
|   \\  /    A nd           | Website:  www.openfoam.com                      |
|    \\/     M anipulation  |                                                 |
\*---------------------------------------------------------------------------*/
FoamFile
{
    version     2.0;
    format      ascii;
    class       cellSet;
    location    "constant/polyMesh/sets";
    object      highAspectRatioCells;
}
// * * * * * * * * * * * * * * * * * * * * * * * * * * * * * * * * * * * * * //


2984
(
0
40960
1
40961
2
40962
3
40963
4
40964
5
6
7
8
9
10
11
12
13
14
15
16
17
18
19
20
21
22
45120
4160
45121
4161
45122
4162
45123
4163
45124
4164
45125
4165
45126
4166
45127
4167
45128
4168
45129
4169
45130
4170
45131
4171
45132
4172
45133
4173
80
41040
81
41041
82
41042
83
41043
84
41044
85
86
87
88
89
90
91
92
93
94
95
96
97
98
99
100
101
102
45200
4240
45201
4241
45202
4242
45203
4243
45204
4244
45205
4245
45206
4246
45207
4247
45208
4248
45209
4249
45210
4250
45211
4251
45212
4252
45213
4253
160
41120
161
41121
162
41122
163
41123
164
41124
165
166
167
168
169
170
171
172
173
174
175
176
177
178
179
180
181
45280
4320
45281
4321
45282
4322
45283
4323
45284
4324
45285
4325
45286
4326
45287
4327
45288
4328
45289
4329
45290
4330
45291
4331
45292
4332
45293
4333
240
41200
241
41201
242
41202
243
41203
244
41204
245
246
247
248
249
250
251
252
253
254
255
256
257
258
259
260
261
45360
4400
45361
4401
45362
4402
45363
4403
45364
4404
45365
4405
45366
4406
45367
4407
45368
4408
45369
4409
45370
4410
45371
4411
45372
4412
45373
320
41280
321
41281
322
41282
323
41283
324
41284
325
41285
326
327
328
329
330
331
332
333
334
335
336
337
338
339
340
341
45440
4480
45441
4481
45442
4482
45443
4483
45444
4484
45445
4485
45446
4486
45447
4487
45448
4488
45449
4489
45450
4490
45451
4491
45452
4492
45453
400
41360
401
41361
402
41362
403
41363
404
41364
405
41365
406
407
408
409
410
411
412
413
414
415
416
417
418
419
420
421
45520
4560
45521
4561
45522
4562
45523
4563
45524
4564
45525
4565
45526
4566
45527
4567
45528
4568
45529
4569
45530
4570
45531
4571
45532
4572
45533
45534
480
41440
481
41441
482
41442
483
41443
484
41444
485
41445
486
487
488
489
490
491
492
493
494
495
496
497
498
499
500
501
45600
4640
45601
4641
45602
4642
45603
4643
45604
4644
45605
4645
45606
4646
45607
4647
45608
4648
45609
4649
45610
4650
45611
4651
45612
4652
45613
45614
560
41520
561
41521
562
41522
563
41523
564
41524
565
41525
566
567
568
569
570
571
572
573
574
575
576
577
578
579
580
581
45680
4720
45681
4721
45682
4722
45683
4723
45684
4724
45685
4725
45686
4726
45687
4727
45688
4728
45689
4729
45690
4730
45691
4731
45692
4732
45693
45694
640
41600
641
41601
642
41602
643
41603
644
41604
645
41605
646
647
648
649
650
651
652
653
654
655
656
657
658
659
660
45760
4800
45761
4801
45762
4802
45763
4803
45764
4804
45765
4805
45766
4806
45767
4807
45768
4808
45769
4809
45770
4810
45771
4811
45772
4812
45773
45774
720
41680
721
41681
722
41682
723
41683
724
41684
725
41685
726
727
728
729
730
731
732
733
734
735
736
737
738
739
740
45840
4880
45841
4881
45842
4882
45843
4883
45844
4884
45845
4885
45846
4886
45847
4887
45848
4888
45849
4889
45850
4890
45851
4891
45852
45853
45854
800
41760
801
41761
802
41762
803
41763
804
41764
805
41765
806
41766
807
808
809
810
811
812
813
814
815
816
817
818
819
820
45920
4960
45921
4961
45922
4962
45923
4963
45924
4964
45925
4965
45926
4966
45927
4967
45928
4968
45929
4969
45930
4970
45931
4971
45932
45933
45934
880
41840
881
41841
882
41842
883
41843
884
41844
885
41845
886
41846
887
888
889
890
891
892
893
894
895
896
897
898
899
900
46000
5040
46001
5041
46002
5042
46003
5043
46004
5044
46005
5045
46006
5046
46007
5047
46008
5048
46009
5049
46010
5050
46011
5051
46012
46013
46014
46015
960
41920
961
41921
962
41922
963
41923
964
41924
965
41925
966
41926
967
968
969
970
971
972
973
974
975
976
977
978
979
980
46080
5120
46081
5121
46082
5122
46083
5123
46084
5124
46085
5125
46086
5126
46087
5127
46088
5128
46089
5129
46090
5130
46091
5131
46092
46093
46094
46095
1040
42000
1041
42001
1042
42002
1043
42003
1044
42004
1045
42005
1046
42006
1047
1048
1049
1050
1051
1052
1053
1054
1055
1056
1057
1058
1059
46160
5200
46161
5201
46162
5202
46163
5203
46164
5204
46165
5205
46166
5206
46167
5207
46168
5208
46169
5209
46170
5210
46171
5211
46172
46173
46174
46175
1120
42080
1121
42081
1122
42082
1123
42083
1124
42084
1125
42085
1126
42086
1127
1128
1129
1130
1131
1132
1133
1134
1135
1136
1137
1138
1139
46240
5280
46241
5281
46242
5282
46243
5283
46244
5284
46245
5285
46246
5286
46247
5287
46248
5288
46249
5289
46250
5290
46251
5291
46252
46253
46254
46255
1200
42160
1201
42161
1202
42162
1203
42163
1204
42164
1205
42165
1206
42166
1207
1208
1209
1210
1211
1212
1213
1214
1215
1216
1217
1218
1219
46320
5360
46321
5361
46322
5362
46323
5363
46324
5364
46325
5365
46326
5366
46327
5367
46328
5368
46329
5369
46330
5370
46331
46332
46333
46334
46335
1280
42240
1281
42241
1282
42242
1283
42243
1284
42244
1285
42245
1286
42246
1287
42247
1288
1289
1290
1291
1292
1293
1294
1295
1296
1297
1298
1299
46400
5440
46401
5441
46402
5442
46403
5443
46404
5444
46405
5445
46406
5446
46407
5447
46408
5448
46409
5449
46410
5450
46411
46412
46413
46414
46415
1360
42320
1361
42321
1362
42322
1363
42323
1364
42324
1365
42325
1366
42326
1367
42327
1368
1369
1370
1371
1372
1373
1374
1375
1376
1377
1378
1379
46480
5520
46481
5521
46482
5522
46483
5523
46484
5524
46485
5525
46486
46487
46488
46489
46490
46491
46492
46493
46494
46495
46496
1440
42400
1441
42401
1442
42402
1443
42403
1444
42404
1445
42405
1446
42406
1447
42407
1448
1449
1450
1451
1452
1453
1454
1455
1456
1457
1458
1459
50650
50651
50652
50653
50654
50655
50656
46560
50657
46561
50658
46562
50659
46563
50660
46564
50661
46565
50662
46566
50663
46567
50664
46568
50665
46569
50666
46570
50667
46571
50668
46572
50669
46573
50670
46574
50671
46575
50672
46576
1520
42480
50673
1521
42481
50674
1522
42482
50675
1523
42483
50676
1524
42484
50677
1525
42485
50678
1526
42486
50679
1527
42487
50680
1528
50681
1529
50682
1530
50683
1531
50684
1532
50685
1533
50686
1534
50687
1535
50688
1536
50689
1537
50690
1538
50691
50692
50693
50694
50695
50696
50697
50698
50699
50700
50701
50702
50703
50704
50705
50706
50707
50708
50709
50710
50711
50712
50713
50714
50715
50716
50717
50718
50719
50720
50721
50722
50723
50724
50725
50726
50727
50728
50729
50730
50731
50732
50733
50734
50735
50736
46640
50737
46641
50738
46642
50739
46643
50740
46644
50741
46645
50742
46646
50743
46647
50744
46648
50745
46649
50746
46650
50747
46651
50748
46652
50749
46653
50750
46654
50751
46655
50752
46656
1600
42560
50753
1601
42561
50754
1602
42562
50755
1603
42563
50756
1604
42564
50757
1605
42565
50758
1606
42566
50759
1607
42567
50760
1608
50761
1609
50762
1610
50763
1611
50764
1612
50765
1613
50766
1614
50767
1615
50768
1616
50769
1617
50770
1618
50771
50772
50773
50774
50775
50776
50777
50778
50779
50780
50781
50782
50783
50784
50785
50786
50787
50788
50789
50790
50791
50792
50793
50794
50795
50796
50797
50798
50799
50800
50801
50802
50803
50804
50805
50806
50807
50808
50809
50810
50811
50812
50813
50814
50815
50816
46720
50817
46721
50818
46722
50819
46723
50820
46724
50821
46725
50822
46726
50823
46727
50824
46728
50825
46729
50826
46730
50827
46731
50828
46732
50829
46733
50830
46734
50831
46735
50832
46736
1680
42640
50833
1681
42641
50834
1682
42642
50835
1683
42643
50836
1684
42644
50837
1685
42645
50838
1686
42646
50839
1687
42647
50840
1688
50841
1689
50842
1690
50843
1691
50844
1692
50845
1693
50846
1694
50847
1695
50848
1696
50849
1697
50850
1698
50851
50852
50853
50854
50855
50856
50857
50858
50859
50860
50861
50862
50863
50864
50865
50866
50867
50868
50869
50870
50871
50872
50873
50874
50875
50876
50877
50878
50879
50880
50881
50882
50883
50884
50885
50886
50887
50888
50889
50890
50891
50892
50893
50894
50895
50896
46800
50897
46801
50898
46802
50899
46803
50900
46804
50901
46805
50902
46806
50903
46807
50904
46808
50905
46809
50906
46810
50907
46811
50908
46812
50909
46813
50910
46814
50911
46815
50912
46816
1760
42720
50913
1761
42721
50914
1762
42722
50915
1763
42723
50916
1764
42724
50917
1765
42725
50918
1766
42726
50919
1767
42727
50920
1768
42728
50921
1769
50922
1770
50923
1771
50924
1772
50925
1773
50926
1774
50927
1775
50928
1776
50929
1777
50930
1778
50931
50932
50933
50934
50935
50936
50937
50938
50939
50940
50941
50942
50943
50944
50945
50946
50947
50948
50949
50950
50951
50952
50953
50954
50955
50956
50957
50958
50959
50960
50961
50962
50963
50964
50965
50966
50967
50968
50969
50970
50971
50972
50973
50974
50975
50976
46880
50977
46881
50978
46882
50979
46883
50980
46884
50981
46885
50982
46886
50983
46887
50984
46888
50985
46889
50986
46890
50987
46891
50988
46892
50989
46893
50990
46894
50991
46895
50992
46896
1840
42800
50993
1841
42801
50994
1842
42802
50995
1843
42803
50996
1844
42804
50997
1845
42805
50998
1846
42806
50999
1847
42807
51000
1848
42808
51001
1849
51002
1850
51003
1851
51004
1852
51005
1853
51006
1854
51007
1855
51008
1856
51009
1857
51010
1858
51011
51012
51013
51014
51015
51016
51017
51018
51019
51020
51021
51022
51023
51024
51025
51026
51027
51028
51029
51030
51031
51032
51033
51034
51035
51036
51037
51038
51039
51040
51041
51042
51043
51044
51045
51046
51047
51048
51049
51050
51051
51052
51053
51054
51055
51056
46960
51057
46961
51058
46962
51059
46963
51060
46964
51061
46965
51062
46966
51063
46967
51064
46968
51065
46969
51066
46970
51067
46971
51068
46972
51069
46973
51070
46974
51071
46975
51072
46976
1920
42880
51073
46977
1921
42881
51074
1922
42882
51075
1923
42883
51076
1924
42884
51077
1925
42885
51078
1926
42886
51079
1927
42887
51080
1928
42888
51081
1929
51082
1930
51083
1931
51084
1932
51085
1933
51086
1934
51087
1935
51088
1936
51089
1937
51090
1938
51091
51092
51093
51094
51095
51096
51097
51098
51099
51100
51101
51102
51103
51104
51105
51106
51107
51108
51109
51110
51111
51112
51113
51114
51115
51116
51117
51118
51119
51120
51121
51122
51123
51124
51125
51126
51127
51128
51129
51130
51131
51132
51133
51134
51135
51136
47040
51137
47041
51138
47042
51139
47043
51140
47044
51141
47045
51142
47046
51143
47047
51144
47048
51145
47049
51146
47050
51147
47051
51148
47052
51149
47053
51150
47054
51151
47055
51152
47056
2000
42960
51153
47057
2001
42961
51154
2002
42962
51155
2003
42963
51156
2004
42964
51157
2005
42965
51158
2006
42966
51159
2007
42967
51160
2008
42968
51161
2009
51162
2010
51163
2011
51164
2012
51165
2013
51166
2014
51167
2015
51168
2016
51169
2017
51170
51171
51172
51173
51174
51175
51176
51177
51178
51179
51180
51181
51182
51183
51184
51185
51186
51187
51188
51189
51190
51191
51192
51193
51194
51195
51196
51197
51198
51199
51200
51201
51202
51203
51204
51205
51206
51207
51208
51209
51210
51211
51212
51213
51214
51215
51216
47120
51217
47121
51218
47122
51219
47123
51220
47124
51221
47125
51222
47126
51223
47127
51224
47128
51225
47129
51226
47130
51227
47131
51228
47132
51229
47133
51230
47134
51231
47135
51232
47136
2080
43040
51233
47137
2081
43041
51234
2082
43042
51235
2083
43043
51236
2084
43044
51237
2085
43045
51238
2086
43046
51239
2087
43047
51240
2088
43048
51241
2089
51242
2090
51243
2091
51244
2092
51245
2093
51246
2094
51247
2095
51248
2096
51249
2097
51250
51251
51252
51253
51254
51255
51256
51257
51258
51259
51260
51261
51262
51263
51264
51265
51266
51267
51268
51269
51270
51271
51272
51273
51274
51275
51276
51277
51278
51279
51280
51281
51282
51283
51284
51285
51286
51287
51288
51289
51290
51291
51292
51293
51294
51295
51296
47200
51297
47201
51298
47202
51299
47203
51300
47204
51301
47205
51302
47206
51303
47207
51304
47208
51305
47209
51306
47210
51307
47211
51308
47212
51309
47213
51310
47214
51311
47215
51312
47216
2160
43120
51313
47217
2161
43121
51314
2162
43122
51315
2163
43123
51316
2164
43124
51317
2165
43125
51318
2166
43126
51319
2167
43127
51320
2168
43128
51321
2169
51322
2170
51323
2171
51324
2172
51325
2173
51326
2174
51327
2175
51328
2176
51329
2177
51330
51331
51332
51333
51334
51335
51336
51337
51338
51339
51340
51341
51342
51343
51344
51345
51346
51347
51348
51349
47280
47281
47282
47283
47284
47285
47286
47287
47288
47289
47290
47291
47292
47293
47294
47295
47296
2240
43200
47297
2241
43201
2242
43202
2243
43203
2244
43204
2245
43205
2246
43206
2247
43207
2248
43208
2249
43209
2250
2251
2252
2253
2254
2255
2256
2257
47360
47361
47362
47363
47364
47365
47366
47367
47368
47369
47370
47371
47372
47373
47374
47375
47376
2320
43280
47377
2321
43281
2322
43282
2323
43283
2324
43284
2325
43285
2326
43286
2327
43287
2328
43288
2329
43289
2330
2331
2332
2333
2334
2335
2336
2337
47440
47441
47442
47443
47444
47445
47446
47447
47448
47449
47450
47451
47452
47453
47454
47455
47456
2400
43360
47457
2401
43361
47458
2402
43362
2403
43363
2404
43364
2405
43365
2406
43366
2407
43367
2408
43368
2409
43369
2410
2411
2412
2413
2414
2415
2416
2417
47520
47521
47522
47523
47524
47525
47526
47527
47528
47529
47530
47531
47532
47533
47534
47535
47536
2480
43440
47537
2481
43441
47538
2482
43442
2483
43443
2484
43444
2485
43445
2486
43446
2487
43447
2488
43448
2489
43449
2490
2491
2492
2493
2494
2495
2496
47600
47601
47602
47603
47604
47605
47606
47607
47608
47609
47610
47611
47612
47613
47614
47615
47616
2560
43520
47617
2561
43521
47618
2562
43522
2563
43523
2564
43524
2565
43525
2566
43526
2567
43527
2568
43528
2569
43529
2570
2571
2572
2573
2574
2575
2576
47680
47681
47682
47683
47684
47685
47686
47687
47688
47689
47690
47691
47692
47693
47694
47695
47696
2640
43600
47697
2641
43601
47698
2642
43602
2643
43603
2644
43604
2645
43605
2646
43606
2647
43607
2648
43608
2649
43609
2650
2651
2652
2653
2654
2655
2656
47760
47761
47762
47763
47764
47765
47766
47767
47768
47769
47770
47771
47772
47773
47774
47775
47776
2720
43680
47777
2721
43681
47778
2722
43682
2723
43683
2724
43684
2725
43685
2726
43686
2727
43687
2728
43688
2729
43689
2730
43690
2731
2732
2733
2734
2735
2736
47840
47841
47842
47843
47844
47845
47846
47847
47848
47849
47850
47851
47852
47853
47854
47855
47856
2800
43760
47857
2801
43761
47858
2802
43762
2803
43763
2804
43764
2805
43765
2806
43766
2807
43767
2808
43768
2809
43769
2810
43770
2811
2812
2813
2814
2815
2816
47920
47921
47922
47923
47924
47925
47926
47927
47928
47929
47930
47931
47932
47933
47934
47935
47936
2880
43840
47937
2881
43841
47938
2882
43842
47939
2883
43843
2884
43844
2885
43845
2886
43846
2887
43847
2888
43848
2889
43849
2890
43850
2891
2892
2893
2894
2895
2896
2960
43920
2961
43921
2962
43922
2963
43923
2964
43924
2965
43925
2966
43926
2967
43927
2968
43928
2969
43929
2970
43930
2971
2972
2973
2974
2975
3040
44000
3041
44001
3042
44002
3043
44003
3044
44004
3045
44005
3046
44006
3047
44007
3048
44008
3049
44009
3050
44010
3051
3052
3053
3054
3055
3120
44080
3121
44081
3122
44082
3123
44083
3124
44084
3125
44085
3126
44086
3127
44087
3128
44088
3129
44089
3130
44090
3131
44091
3132
3133
3134
3135
3200
44160
3201
44161
3202
44162
3203
44163
3204
44164
3205
44165
3206
44166
3207
44167
3208
44168
3209
44169
3210
44170
3211
44171
3212
3213
3214
3215
3280
44240
3281
44241
3282
44242
3283
44243
3284
44244
3285
44245
3286
44246
3287
44247
3288
44248
3289
44249
3290
44250
3291
44251
3292
3293
3294
3295
3360
44320
3361
44321
3362
44322
3363
44323
3364
44324
3365
44325
3366
44326
3367
44327
3368
44328
3369
44329
3370
44330
3371
44331
3372
3373
3374
3375
3440
44400
3441
44401
3442
44402
3443
44403
3444
44404
3445
44405
3446
44406
3447
44407
3448
44408
3449
44409
3450
44410
3451
44411
3452
3453
3454
3520
44480
3521
44481
3522
44482
3523
44483
3524
44484
3525
44485
3526
44486
3527
44487
3528
44488
3529
44489
3530
44490
3531
44491
3532
3533
3534
40400
40401
40402
40403
3600
44560
3601
44561
3602
44562
3603
44563
3604
44564
3605
44565
3606
44566
3607
44567
3608
44568
3609
44569
3610
44570
3611
44571
3612
44572
3613
3614
40480
40481
40482
40483
3680
44640
3681
44641
3682
44642
3683
44643
3684
44644
3685
44645
3686
44646
3687
44647
3688
44648
3689
44649
3690
44650
3691
44651
3692
44652
3693
3694
40560
40561
40562
40563
3760
44720
3761
44721
3762
44722
3763
44723
3764
44724
3765
44725
3766
44726
3767
44727
3768
44728
3769
44729
3770
44730
3771
44731
3772
44732
3773
3774
40640
40641
40642
40643
3840
44800
3841
44801
3842
44802
3843
44803
3844
44804
3845
44805
3846
44806
3847
44807
44808
3848
44809
3849
44810
3850
44811
3851
44812
3852
3853
3854
40720
40721
40722
40723
44880
3920
44881
3921
44882
3922
44883
3923
44884
3924
44885
3925
44886
3926
44887
3927
44888
3928
44889
3929
44890
3930
44891
3931
44892
3932
3933
40800
40801
40802
40803
40804
44960
4000
44961
4001
44962
4002
44963
4003
44964
4004
44965
4005
44966
4006
44967
4007
44968
4008
44969
4009
44970
4010
44971
4011
44972
4012
4013
40880
40881
40882
40883
40884
45040
4080
45041
4081
45042
4082
45043
4083
45044
4084
45045
4085
45046
4086
45047
4087
45048
4088
45049
4089
45050
4090
45051
4091
45052
4092
45053
4093
)


// ************************************************************************* //
