# ccx tau_xx tau_yy tau_zz cp
-0.24299 -405.799 -2.54324 8.20107e-13 0.0606374
-0.241293 -198.827 0.791636 4.77874e-13 0.034807
-0.2396 -175.921 0.928501 4.33901e-13 0.0415149
-0.23791 -168.131 0.985005 3.81788e-13 0.0439693
-0.236224 -162.247 0.989285 3.48964e-13 0.04521
-0.234543 -157.228 0.921557 3.37156e-13 0.0467485
-0.232865 -153.063 0.825747 3.00621e-13 0.0481738
-0.231191 -149.557 0.659542 2.90347e-13 0.049498
-0.229521 -146.534 0.459349 2.85432e-13 0.0505784
-0.227855 -143.881 0.257479 2.75557e-13 0.0513898
-0.226192 -141.518 0.0192356 2.85513e-13 0.0519488
-0.224534 -139.405 -0.204147 2.66969e-13 0.0522135
-0.222879 -137.463 -0.455759 2.61015e-13 0.052183
-0.221229 -135.689 -0.631151 2.688e-13 0.051941
-0.219582 -134.034 -0.858148 2.04135e-13 0.0514719
-0.217938 -132.499 -1.01286 1.77091e-13 0.0508586
-0.216299 -131.064 -1.15566 1.42371e-13 0.0501332
-0.214663 -129.717 -1.29523 1.31884e-13 0.0493065
-0.213032 -128.448 -1.41608 1.00959e-13 0.0484057
-0.211404 -127.251 -1.5222 1.20908e-13 0.0474468
-0.209779 -126.119 -1.62308 1.50293e-13 0.0464347
-0.208159 -125.044 -1.70965 1.00356e-13 0.0453859
-0.206542 -124.023 -1.78655 1.22223e-13 0.0443072
-0.204929 -123.058 -1.85938 1.59176e-13 0.0432116
-0.20332 -122.126 -1.91563 1.70457e-13 0.0421012
-0.201715 -121.236 -1.96247 1.4233e-13 0.0409749
-0.200113 -120.385 -2.01746 1.1439e-13 0.0398415
-0.198515 -119.571 -2.04691 1.77204e-13 0.0387076
-0.19692 -118.792 -2.07222 1.60941e-13 0.0375737
-0.19533 -118.045 -2.09006 8.96253e-14 0.0364564
-0.193743 -117.331 -2.08171 1.2668e-13 0.0353864
-0.192159 -116.649 -2.05884 1.53684e-13 0.034383
-0.19058 -115.998 -2.01287 8.16527e-14 0.0334694
-0.189004 -115.372 -1.97969 7.38113e-14 0.0326462
-0.187431 -114.769 -1.92582 1.24722e-13 0.0319189
-0.185863 -114.188 -1.88122 1.17524e-13 0.0312836
-0.184297 -113.627 -1.84078 6.87162e-14 0.0307249
-0.182736 -113.083 -1.80641 3.35835e-14 0.0302258
-0.181178 -112.554 -1.78579 -3.63751e-14 0.0297689
-0.179624 -112.035 -1.76113 1.01923e-14 0.0293418
-0.178073 -111.526 -1.74002 6.47226e-14 0.0289363
-0.176526 -111.025 -1.72125 2.57429e-14 0.0285418
-0.174983 -110.53 -1.70334 3.6931e-14 0.0281531
-0.173443 -110.037 -1.67863 3.73507e-14 0.0277664
-0.171907 -109.538 -1.63246 -1.59571e-14 0.0273707
-0.170374 -109.077 -1.64713 4.21909e-14 0.0269751
-0.168845 -108.608 -1.63722 6.18113e-14 0.0265702
-0.167319 -108.143 -1.60358 3.06944e-14 0.0261484
-0.165797 -107.683 -1.56807 8.98937e-14 0.0257343
-0.164278 -107.233 -1.49936 6.62426e-14 0.0253628
-0.162763 -106.794 -1.42215 1.09613e-13 0.025065
-0.161251 -106.364 -1.33869 1.02124e-13 0.0248564
-0.159743 -105.943 -1.25222 1.02197e-13 0.0247331
-0.158239 -105.528 -1.17184 1.74554e-13 0.0246889
-0.156738 -105.118 -1.09388 1.44339e-13 0.024713
-0.15524 -104.713 -0.996516 1.26286e-13 0.0248187
-0.153746 -104.312 -0.881516 9.21051e-14 0.0250396
-0.152255 -103.913 -0.785839 3.40218e-14 0.0253484
-0.150768 -103.515 -0.688087 1.03291e-13 0.0257367
-0.149284 -103.118 -0.574888 8.38361e-14 0.0262187
-0.147804 -102.722 -0.455744 6.44012e-14 0.0268062
-0.146327 -102.327 -0.330824 1.25519e-13 0.0275099
-0.144853 -101.933 -0.201447 5.76994e-14 0.0283388
-0.143383 -101.538 -0.0674129 6.81017e-14 0.029296
-0.141916 -101.142 0.0476722 5.58445e-14 0.0303796
-0.140453 -100.743 0.182315 3.96723e-14 0.0315864
-0.138993 -100.344 0.323831 5.21708e-14 0.0329247
-0.137536 -99.9419 0.466485 2.15966e-14 0.0344011
-0.136083 -99.5373 0.608504 -2.35655e-14 0.0360158
-0.134633 -99.1283 0.736838 5.76528e-14 0.0377559
-0.133187 -98.7128 0.853755 4.39352e-14 0.039604
-0.131744 -98.2893 0.956484 -1.17811e-14 0.041542
-0.130304 -97.8569 1.05042 2.95877e-14 0.0435577
-0.128868 -97.414 1.12671 -1.61291e-14 0.0456321
-0.127435 -96.9588 1.18582 -5.81806e-14 0.0477424
-0.126005 -96.4868 1.22838 -1.02737e-14 0.0498667
-0.124578 -95.9893 1.25461 1.53255e-14 0.0519877
-0.123155 -95.5084 1.27374 -2.57053e-14 0.0540751
-0.121735 -95.0029 1.27246 -2.76247e-14 0.0561279
-0.120319 -94.4802 1.27361 -4.94735e-14 0.0581394
-0.118905 -93.9451 1.28075 -3.044e-14 0.0601093
-0.117495 -93.3999 1.28686 5.42001e-15 0.062043
-0.116088 -92.8465 1.29594 -1.0733e-14 0.0639508
-0.114685 -92.2869 1.32875 -4.65407e-14 0.0658477
-0.113285 -91.7227 1.36706 3.03831e-15 0.0677502
-0.111888 -91.1558 1.4132 -5.96839e-15 0.0696754
-0.110494 -90.5876 1.48697 -1.85989e-14 0.0716416
-0.109103 -90.0186 1.56613 -2.47313e-14 0.0736658
-0.107716 -89.4497 1.64839 4.90599e-15 0.0757651
-0.106332 -88.8793 1.7451 -4.32414e-14 0.0779517
-0.104951 -88.3082 1.84538 -2.29892e-14 0.0802329
-0.103573 -87.7366 1.95413 -2.04627e-15 0.0826101
-0.102199 -87.1638 2.05167 -3.38364e-14 0.0850816
-0.100827 -86.589 2.13513 -2.12568e-14 0.0876434
-0.099459 -86.011 2.23122 -3.88907e-14 0.0902916
-0.098094 -85.4289 2.30192 -3.55181e-14 0.0930216
-0.0967322 -84.8418 2.37611 4.00618e-14 0.0958314
-0.0953735 -84.2491 2.45456 2.40726e-14 0.098717
-0.0940179 -83.6485 2.50641 5.98354e-15 0.101672
-0.0926655 -83.0416 2.55603 8.8909e-14 0.104695
-0.0913162 -82.4256 2.59596 3.53002e-14 0.107783
-0.0899701 -81.8001 2.62227 5.30567e-14 0.110931
-0.088627 -81.1644 2.62618 6.56437e-14 0.114134
-0.0872871 -80.5175 2.64122 3.67722e-14 0.117388
-0.0859502 -79.859 2.62282 1.73812e-14 0.120689
-0.0846165 -79.188 2.60365 6.14033e-14 0.124033
-0.0832859 -78.5037 2.5727 6.61184e-14 0.127417
-0.0819583 -77.805 2.53058 3.32897e-14 0.130836
-0.0806338 -77.0879 2.49749 4.90263e-14 0.134288
-0.0793124 -76.3627 2.41004 3.30721e-14 0.137764
-0.077994 -75.6184 2.33209 2.37019e-14 0.141271
-0.0766787 -74.8567 2.24437 1.90015e-15 0.144802
-0.0753664 -74.0772 2.1469 -3.6292e-14 0.148354
-0.0740572 -73.2793 2.04091 -7.14131e-14 0.151927
-0.072751 -72.4624 1.93572 -3.65059e-14 0.155519
-0.0714478 -71.6259 1.8149 -9.14493e-14 0.15913
-0.0701477 -70.7692 1.68106 -4.95373e-14 0.162761
-0.0688505 -69.8915 1.55111 -3.44152e-14 0.166413
-0.0675564 -68.9923 1.41846 -5.56314e-14 0.17009
-0.0662653 -68.0697 1.28294 -3.26786e-14 0.173793
-0.0649771 -67.1253 1.14607 -9.67337e-14 0.177528
-0.0636919 -66.1568 1.00922 -8.48839e-14 0.181299
-0.0624097 -65.1634 0.873421 -6.86262e-15 0.185111
-0.0611305 -64.1434 0.739853 -4.24831e-14 0.188969
-0.0598543 -63.0947 0.609741 -7.75695e-14 0.192883
-0.0585809 -62.0166 0.486976 -7.46626e-15 0.196859
-0.0573106 -60.909 0.366573 -4.417e-14 0.200909
-0.0560432 -59.7705 0.251241 -4.20301e-14 0.205041
-0.0547787 -58.5989 0.145173 -3.74576e-14 0.209266
-0.0535171 -57.399 0.0461798 -8.23129e-14 0.213598
-0.0522585 -56.1586 -0.0401269 -1.17386e-13 0.218047
-0.0510028 -54.8875 -0.11823 -6.1608e-14 0.222626
-0.04975 -53.5763 -0.191225 -4.89966e-14 0.227349
-0.0485 -52.2236 -0.25466 -5.50022e-14 0.232228
-0.047253 -50.828 -0.309187 -2.53548e-14 0.237276
-0.0460089 -49.387 -0.355643 -1.8489e-14 0.242506
-0.0447676 -47.8989 -0.394215 -4.53917e-14 0.24793
-0.0435293 -46.3642 -0.426264 -2.90066e-14 0.253559
-0.0422938 -44.7853 -0.452149 -6.31902e-14 0.259406
-0.0410611 -43.1553 -0.47281 -5.76872e-14 0.265481
-0.0398313 -41.3102 -0.487727 -6.58411e-14 0.271761
-0.0386044 -39.5735 -0.499714 -1.02509e-13 0.278329
-0.0373803 -37.883 -0.506892 -8.82416e-14 0.285029
-0.036159 -35.9355 -0.509933 -7.63359e-14 0.29202
-0.0349406 -33.9617 -0.510487 -7.32118e-14 0.299283
-0.0337249 -32.0445 -0.508885 -3.64412e-14 0.306853
-0.0325121 -30.2103 -0.50596 -6.87867e-14 0.314696
-0.0313021 -28.7071 -0.499109 -8.04713e-14 0.323273
-0.0300949 -22.8807 -0.612602 -2.56868e-14 0.328594
-0.0288907 -24.0771 -1.2349 -6.03644e-14 0.340752
-0.0276895 -26.4291 -1.42827 2.83039e-13 0.342222
-0.0264912 -25.7322 -1.32842 -6.41692e-14 0.344085
-0.0252957 -24.4029 -1.2771 -4.62289e-14 0.348482
-0.024103 -23.251 -1.23255 4.62085e-13 0.353135
-0.022913 -22.0095 -1.18617 3.73368e-13 0.35814
-0.0217258 -21.2938 -1.15188 -1.07622e-13 0.364257
-0.0205413 -16.2204 -1.07596 2.44251e-13 0.366255
-0.0193607 -17.8781 -1.87555 5.8045e-13 0.378028
-0.0181845 -22.735 -2.40064 -1.78345e-13 0.376413
-0.0170115 -22.4299 -2.51934 1.11937e-12 0.373527
-0.0158413 -21.7588 -2.45074 -2.89757e-13 0.373837
-0.0146737 -20.9239 -2.37191 8.80222e-14 0.375498
-0.0135088 -20.2451 -2.30716 -1.28253e-13 0.37748
-0.0123467 -20.0932 -2.28759 8.1255e-13 0.380311
-0.0111872 -16.0797 -1.86254 4.39614e-13 0.379321
-0.0100333 -18.246 -3.06438 -5.68345e-13 0.392172
-0.00888502 -23.6937 -3.97603 -5.63301e-14 0.38254
-0.0077394 -22.7981 -3.8323 3.05197e-13 0.380814
-0.00659644 -22.7411 -3.82408 2.27138e-13 0.380287
-0.00545613 -22.6103 -3.81813 -7.50489e-13 0.378753
-0.00431845 -22.3577 -3.76911 8.0991e-13 0.378753
-0.00318341 -20.1684 -3.19891 -2.37806e-12 0.378387
-0.00205294 -20.0781 -2.69756 3.2526e-13 0.382292
-0.000929051 -23.7226 -4.81567 4.6082e-12 0.382003
0.00019021 -26.9857 -4.7501 3.1589e-13 0.374838
0.00130688 -26.5377 -4.65116 1.24453e-13 0.372168
0.00242096 -26.4761 -4.64295 2.40565e-13 0.369854
0.00353247 -26.363 -4.62808 2.99928e-13 0.368139
0.0046414 -26.2871 -4.2588 -9.59337e-13 0.366876
0.00574681 -24.4366 -5.14789 -1.19456e-12 0.364891
0.00684487 -26.9774 -6.74798 4.35719e-12 0.367887
0.00793648 -34.271 -7.28046 3.74838e-13 0.355233
0.00902557 -33.912 -7.21767 -7.66311e-13 0.349787
0.0101121 -34.4464 -7.38983 4.88339e-14 0.344807
0.0111962 -35.1137 -7.52607 -3.94728e-12 0.340578
0.0122777 -36.0645 -7.64261 9.28443e-13 0.337004
0.0133562 -33.1989 -8.18133 -3.2789e-12 0.329701
0.0144268 -34.6451 -10.0414 -2.86884e-13 0.332796
0.0154898 -47.4315 -11.8163 -2.05546e-12 0.313259
0.0165503 -48.2935 -12.014 1.78654e-12 0.302059
0.0176084 -50.383 -12.5145 6.17669e-13 0.291073
0.018664 -52.629 -13.0516 3.23906e-12 0.280211
0.0197172 -54.085 -13.4179 1.21026e-12 0.269146
0.0207675 -53.6806 -15.2267 -1.47175e-12 0.256685
0.0218123 -56.2866 -17.0048 -1.59868e-12 0.24773
0.0228523 -68.9506 -18.2873 8.29019e-13 0.224883
0.0238898 -71.6664 -18.9849 -5.41418e-13 0.205242
0.0249249 -75.1914 -19.9046 7.50751e-13 0.184581
0.0259577 -79.3242 -20.9825 8.76458e-14 0.161985
0.026988 -87.8117 -26.0345 1.68899e-13 0.138962
0.0280178 -91.8895 -21.9917 -7.71012e-13 0.111986
0.0290492 -86.5495 -23.1746 -5.23813e-13 0.0916824
0.0300804 -87.5801 -20.8227 -1.42735e-14 0.0849947
0.0311092 -90.4562 -21.5065 3.316e-12 0.0697375
0.0321356 -93.5237 -22.2305 -2.11524e-12 0.0521578
0.0331597 -98.035 -23.2834 5.29158e-13 0.0322216
0.0341815 -104.506 -27.538 -6.02292e-13 0.0126701
0.0352039 -100.046 -24.355 1.5445e-12 -0.0169026
0.0362268 -96.828 -20.927 -4.10065e-13 -0.015605
0.0372473 -100.434 -21.7054 5.63873e-13 -0.0261611
0.0382654 -103.434 -22.3423 8.47171e-13 -0.040233
0.0392812 -106.587 -23.0251 4.31884e-13 -0.0580513
0.0402947 -115.686 -27.6196 -5.50527e-13 -0.0762628
0.041308 -110.293 -24.4576 -2.0931e-13 -0.105459
0.0423215 -105.13 -20.581 -9.02229e-13 -0.103668
0.0433329 -107.912 -21.1213 1.54171e-13 -0.109723
0.0443419 -111.298 -21.7726 -4.17874e-13 -0.121407
0.0453487 -114.952 -22.4822 -6.90384e-13 -0.138408
0.0463531 -123.935 -26.7025 7.05272e-13 -0.156004
0.0473573 -117.136 -23.2824 -9.26468e-13 -0.185926
0.0483612 -110.463 -19.5175 2.56282e-14 -0.178193
0.0493628 -113.807 -20.1747 1.05919e-13 -0.182781
0.0503621 -117.954 -20.9025 2.22522e-13 -0.195143
0.0513591 -125.989 -17.8938 -1.12265e-12 -0.211733
0.0523545 -128.65 -21.473 3.02313e-13 -0.232459
0.0533493 -119.884 -21.0897 -5.07409e-13 -0.248665
0.0543429 -115.835 -18.4742 1.39836e-13 -0.243462
0.0553341 -119.595 -19.0549 1.73213e-14 -0.249495
0.0563232 -124.212 -19.6167 -7.08472e-13 -0.263838
0.0573099 -135.742 -23.4288 9.91588e-14 -0.281504
0.0582957 -127.859 -20.2521 1.20515e-12 -0.311945
0.0592807 -118.782 -20.9857 8.26353e-13 -0.300997
0.0602635 -120.429 -21.3067 -3.84588e-13 -0.30105
0.0612441 -124.386 -21.8799 2.75245e-13 -0.31137
0.0622223 -133.954 -20.6403 7.16553e-13 -0.323163
0.0631992 -130.238 -18.2905 5.96486e-13 -0.349309
0.0641751 -122.987 -19.077 8.85294e-13 -0.345795
0.065149 -124.056 -19.1795 9.27545e-13 -0.345671
0.0661207 -129.042 -19.9118 -3.53866e-14 -0.358843
0.06709 -140.078 -18.9957 -4.48805e-13 -0.374026
0.068058 -134.776 -16.7283 -2.30405e-13 -0.402949
0.0690247 -127.105 -17.1189 3.76287e-14 -0.398552
0.0699894 -127.875 -17.1826 1.51529e-13 -0.398386
0.0709518 -133.78 -17.9021 -4.83008e-13 -0.409863
0.0719121 -140.892 -16.4477 8.03695e-14 -0.423738
0.0728709 -135.124 -14.2534 -5.24219e-13 -0.449405
0.0738282 -126.776 -14.6435 -2.00268e-13 -0.438867
0.0747834 -129.324 -14.9209 -5.51873e-14 -0.438877
0.0757363 -140.152 -14.7382 7.06971e-14 -0.454012
0.0766874 -138.318 -14.8978 -3.13884e-14 -0.470899
0.0776369 -131.915 -12.9193 -1.13324e-13 -0.476928
0.0785845 -129.252 -12.6596 -5.62396e-14 -0.474097
0.0795299 -134.529 -13.122 -4.23004e-14 -0.479704
0.0804732 -142.501 -12.2357 -2.40561e-13 -0.494696
0.0814148 -135.524 -10.6019 -4.15417e-14 -0.514056
0.0823547 -129.182 -10.5247 -4.99625e-14 -0.506599
0.0832924 -132.484 -10.7675 8.82894e-14 -0.506807
0.0842279 -145.533 -10.591 9.82703e-14 -0.523269
0.0851616 -137.469 -8.8035 1.01312e-13 -0.546619
0.0860936 -130.06 -8.62805 -1.26776e-14 -0.537577
0.0870234 -133.431 -8.81939 -6.85737e-14 -0.537518
0.087951 -145.869 -8.70297 -6.51155e-15 -0.553419
0.0888768 -137.919 -7.21032 -4.33498e-14 -0.574804
0.0898007 -131.053 -6.77931 1.25668e-13 -0.566943
0.0907225 -134.823 -6.8837 3.90539e-14 -0.567099
0.0916422 -144.956 -7.53691 7.99566e-14 -0.583686
0.09256 -136.722 -5.22378 2.84704e-14 -0.597135
0.0934757 -132.29 -4.29907 -7.04661e-14 -0.592793
0.0943894 -138.575 -3.95579 5.19285e-15 -0.596757
0.095301 -140.699 -3.74036 -9.6243e-14 -0.612994
0.0962106 -134.675 -2.95623 -1.34659e-13 -0.615958
0.0971182 -133.899 -2.86306 -1.06845e-13 -0.614684
0.0980237 -143.274 -2.69118 -1.06598e-14 -0.625107
0.0989271 -137.78 -2.03164 -4.38264e-14 -0.641661
0.0998285 -132.415 -1.58164 -4.638e-14 -0.636578
0.100728 -139.201 -1.41327 -9.28405e-14 -0.639727
0.101625 -139.588 -1.0682 -5.61137e-14 -0.657488
0.10252 -134.127 -0.338199 -5.59487e-14 -0.65675
0.103413 -137.047 -0.150273 -5.25964e-14 -0.656549
0.104304 -141.293 0.286434 -5.88115e-14 -0.674619
0.105193 -135.131 1.28498 -6.6493e-14 -0.675742
0.10608 -136.439 1.48327 -7.45767e-14 -0.674911
0.106965 -141.177 1.98808 -9.98722e-14 -0.69067
0.107847 -135.155 2.0669 -4.16853e-14 -0.69282
0.108728 -136.616 2.29529 -6.18388e-14 -0.691968
0.109606 -139.48 2.74679 5.52062e-15 -0.707814
0.110482 -133.347 2.98589 -5.40841e-14 -0.707305
0.111357 -133.646 2.7063 -5.22419e-14 -0.704725
0.112229 -132.86 3.9079 -2.49951e-13 -0.718237
0.113099 -119.575 3.31225 -2.02062e-13 -0.708892
0.113966 -112.856 2.44862 -1.30395e-13 -0.697847
0.114832 -94.701 0.861374 -1.92205e-13 -0.683081
0.115696 -65.7359 3.12187 1.10737e-13 -0.630296
0.116557 -44.8715 7.20575 1.14636e-13 -0.565584
0.117416 -19.4795 10.5258 -9.30815e-15 -0.481506
0.118273 -6.9391 11.4603 -2.84906e-13 -0.399715
0.119128 3.85708 10.7584 -6.92639e-14 -0.335104
0.119981 9.91853 9.34928 -9.00743e-14 -0.279394
0.120832 13.3482 7.8964 -4.14368e-13 -0.240577
0.12168 15.3072 6.83614 -1.95365e-14 -0.207371
0.122528 16.0743 5.98849 3.07654e-14 -0.183482
0.123376 16.3113 5.50445 -3.94574e-14 -0.163194
0.124226 15.8743 5.13385 -2.11234e-13 -0.146745
0.125078 15.0656 4.64903 3.99582e-13 -0.132678
0.125931 14.1315 4.2106 2.90957e-13 -0.120749
0.126786 12.9137 3.81413 -1.20366e-12 -0.110088
0.127643 11.7095 3.33623 -5.28062e-13 -0.101666
0.128502 10.3254 2.92203 -3.60429e-13 -0.0940083
0.129363 9.06107 2.49451 -6.44509e-13 -0.0886358
0.130225 7.89503 2.21413 1.93117e-13 -0.08365
0.131089 6.7716 1.98337 -1.96282e-13 -0.0802572
0.131954 5.86596 1.83595 -1.27612e-13 -0.0776351
0.132822 5.03286 1.76811 -4.12024e-13 -0.0755772
0.133691 4.32105 1.70363 -8.96081e-13 -0.0743014
0.134561 3.72814 1.70576 9.16317e-14 -0.0733407
0.135434 3.23485 1.72119 6.06726e-14 -0.0727462
0.136308 2.80382 1.65958 -1.9389e-14 -0.0723684
0.137184 2.47402 1.60102 4.95485e-13 -0.0723978
0.138061 2.18622 1.56067 -2.16546e-13 -0.0725313
0.138941 1.93323 1.52094 1.88793e-13 -0.0727975
0.139821 1.70716 1.49936 4.5594e-13 -0.0731673
0.140704 1.51058 1.51146 -3.60222e-13 -0.0736507
0.141588 1.32149 1.47569 8.49112e-13 -0.0742259
0.142474 1.15639 1.47763 4.43689e-13 -0.0748849
0.143361 0.993377 1.43925 3.34233e-13 -0.0755969
0.144251 0.847536 1.44703 1.31555e-12 -0.0763686
0.145141 0.738529 1.47541 6.07613e-13 -0.0771653
0.146034 0.625962 1.39842 -6.79156e-13 -0.0780153
0.146927 0.532058 1.3907 5.91981e-13 -0.0789666
0.147823 0.467587 1.39426 6.41135e-13 -0.0799149
0.14872 0.426523 1.4211 1.09613e-12 -0.0808651
0.149619 0.374609 1.37678 -2.39317e-13 -0.0818311
0.150519 0.319146 1.37527 1.81128e-12 -0.0829069
0.151421 0.280976 1.38187 1.09598e-12 -0.083949
0.152324 0.257884 1.38089 -3.00244e-13 -0.0849832
0.153229 0.204263 1.3224 -2.06076e-12 -0.0859868
0.154136 0.155381 1.26933 -2.18413e-12 -0.0871444
0.155044 0.118707 1.21962 1.34995e-12 -0.0881864
0.155953 0.0769835 1.13178 1.51418e-12 -0.0892406
0.156864 0.0319519 1.04565 -6.51091e-13 -0.0902038
0.157777 -0.0232366 0.896311 2.73413e-13 -0.0912987
0.158691 -0.0525286 0.819412 9.43125e-13 -0.0922872
0.159607 -0.0974518 0.735934 1.35663e-12 -0.0932353
0.160524 -0.125595 0.660427 -7.84021e-14 -0.0941978
0.161442 -0.176238 0.531071 2.1749e-13 -0.0951354
0.162362 -0.229149 0.497537 -1.20158e-12 -0.0961074
0.163284 -0.250058 0.471948 3.70953e-13 -0.0970173
0.164206 -0.288376 0.444156 1.15493e-12 -0.0978774
0.165131 -0.344448 0.432062 2.16391e-13 -0.0987899
0.166056 -0.396867 0.396424 -1.18428e-12 -0.0997536
0.166983 -0.451697 0.428896 1.55324e-13 -0.100676
0.167912 -0.498204 0.414977 1.43929e-13 -0.101622
0.168842 -0.556649 0.409789 -1.018e-12 -0.102509
0.169773 -0.626537 0.354119 -9.39993e-13 -0.103486
0.170706 -0.678322 0.349382 -2.94759e-13 -0.10445
0.17164 -0.728749 0.311436 1.82113e-12 -0.105461
0.172575 -0.762777 0.247214 -2.55563e-13 -0.106388
0.173511 -0.810577 0.140806 -1.23197e-12 -0.107333
0.174449 -0.82155 0.0794217 -5.83684e-13 -0.108243
0.175389 -0.866136 -0.0824943 -2.73256e-13 -0.109152
0.176329 -0.871454 -0.162505 -4.32588e-12 -0.110053
0.177271 -0.890572 -0.30099 3.09966e-12 -0.110922
0.178214 -0.892323 -0.397574 -8.33664e-13 -0.111782
0.179158 -0.905371 -0.476937 4.19063e-13 -0.112555
0.180104 -0.906455 -0.584039 3.89534e-12 -0.113363
0.181051 -0.927398 -0.686545 -2.23811e-12 -0.114054
0.181999 -0.944064 -0.778125 -4.25835e-12 -0.114822
0.182948 -0.945453 -0.813919 1.34085e-12 -0.115531
0.183898 -0.952569 -0.792902 -1.22804e-12 -0.116232
0.18485 -0.976304 -0.886561 3.45256e-12 -0.116938
0.185802 -1.03982 -0.885078 -2.75498e-12 -0.11755
0.186756 -1.07665 -0.93276 -7.99058e-13 -0.118562
0.187711 -1.17886 -1.13134 -2.11065e-12 -0.118973
0.188667 -1.27198 -1.20643 -3.18422e-12 -0.119646
0.189624 -1.34973 -1.12645 2.60933e-12 -0.120152
0.190582 -1.53485 -1.17829 -1.19842e-12 -0.120757
0.191542 -1.8262 -1.25603 -3.40712e-12 -0.121393
0.192502 -2.29606 -1.49275 -1.00211e-12 -0.122029
0.193464 -2.74759 -1.4509 -5.31154e-12 -0.122804
0.194426 -3.46719 -1.41874 -3.23032e-15 -0.123572
0.195389 -4.26355 -1.39309 -3.45218e-12 -0.125478
0.196354 -4.80167 -1.75616 -1.55262e-13 -0.127655
0.197322 -5.66777 -2.02179 2.1913e-12 -0.130759
0.198293 -6.51886 -2.9661 -1.12185e-12 -0.134187
0.19927 -6.88473 -3.10896 -2.47152e-12 -0.13764
0.200261 -7.38197 -3.26862 -9.94611e-13 -0.141418
0.201262 -7.8538 -3.33378 3.7928e-13 -0.145368
0.20227 -7.86593 -3.15351 1.44583e-12 -0.147389
0.203291 -8.52929 -3.41431 -4.40817e-13 -0.150204
0.20432 -7.61729 -2.78008 -9.61328e-13 -0.152186
0.205355 -8.1862 -3.86677 3.78335e-13 -0.151176
0.206398 -9.11804 -3.51173 -9.6916e-14 -0.153897
0.207445 -7.42271 -4.08479 -2.0814e-13 -0.152581
0.208497 -7.29241 -5.12844 -2.04503e-13 -0.15082
0.209552 -7.75987 -4.89195 -8.05084e-14 -0.150585
0.21061 -6.26397 -5.16844 4.06615e-14 -0.149306
0.21167 -4.77062 -5.72205 -2.48164e-14 -0.148021
0.212733 -2.98208 -6.24465 -5.92288e-14 -0.146975
0.213798 -0.591772 -6.449 -2.08156e-14 -0.145266
0.214865 1.02046 -7.14342 -8.89133e-14 -0.145392
0.215935 2.03858 -7.36437 -1.38105e-13 -0.146983
0.217008 2.71232 -7.63408 -8.09062e-14 -0.147837
0.218083 2.80126 -7.91958 -8.54511e-14 -0.148822
0.219161 2.45824 -7.74661 -9.50996e-15 -0.149103
0.220241 2.1711 -8.01632 1.54743e-13 -0.151276
0.221323 2.02679 -6.55439 -1.36401e-14 -0.151291
0.222408 1.71428 -5.71771 -1.16287e-13 -0.150134
0.223496 1.18206 -5.99533 -1.84414e-13 -0.148181
0.224586 0.456603 -5.65998 -1.87975e-13 -0.146253
0.225679 -0.354129 -5.7664 -2.70044e-13 -0.144205
0.226774 -1.14972 -5.8982 -3.32062e-13 -0.142548
0.227872 -1.77504 -5.74372 -3.09583e-13 -0.140697
0.228972 -2.24688 -5.60886 -2.19109e-13 -0.138371
0.230075 -2.76404 -5.57515 -2.05793e-13 -0.135784
0.23118 -3.48401 -5.61951 -2.45635e-14 -0.133418
0.232288 -4.50865 -5.59694 -6.73934e-14 -0.131165
0.233399 -5.8761 -5.52118 -8.68398e-14 -0.128921
0.234512 -7.38723 -5.32451 -1.36329e-13 -0.126478
0.235628 -8.52686 -4.93668 -2.22678e-13 -0.123623
0.236746 -8.69414 -4.44464 -2.44435e-13 -0.120285
0.237867 -8.81543 -5.06099 -2.381e-13 -0.113843
0.23899 -9.53745 -4.95631 -2.28309e-13 -0.111221
0.240116 -10.5506 -5.62607 -2.80789e-13 -0.110345
0.241245 -11.9958 -6.82258 -2.09681e-13 -0.11244
0.242376 -14.1209 -7.93677 -1.39314e-13 -0.118529
0.24351 -15.7957 -9.10637 -1.93966e-13 -0.128296
0.244647 -16.4611 -9.53837 -2.14223e-13 -0.139199
0.245786 -16.2642 -10.126 -1.71531e-13 -0.151103
0.246928 -14.9037 -9.32679 -1.43539e-13 -0.160965
0.248073 -10.6812 -8.34417 4.62347e-14 -0.168193
0.24922 -5.90992 -7.43332 -8.49915e-14 -0.168501
0.25037 -1.70567 -6.60559 -7.40816e-14 -0.167858
0.251522 1.65363 -5.39077 -7.77563e-14 -0.15931
0.252677 2.5776 -5.26976 -9.3914e-14 -0.153684
0.253835 2.20151 -5.52177 -6.85367e-14 -0.147439
0.254996 -0.0265635 -5.77014 1.05486e-13 -0.144744
0.256159 -3.31824 -5.83801 -6.95436e-16 -0.144591
0.257325 -6.76267 -5.98441 -2.3373e-13 -0.147489
0.258493 -7.98156 -5.77369 -2.51043e-13 -0.152212
0.259665 -7.08713 -5.6769 -1.88872e-13 -0.156021
0.260839 -5.50252 -5.65347 -5.98165e-14 -0.159042
0.262016 -3.79593 -5.47244 -4.22395e-14 -0.165284
0.263195 -0.899939 -5.05679 -1.26944e-13 -0.177401
0.264377 5.31888 -4.78197 -5.85584e-14 -0.195261
0.265562 15.3762 -4.51675 -1.16269e-13 -0.215159
0.26675 26.9181 -3.8032 -1.1246e-13 -0.233355
0.267941 37.2559 -2.7181 -8.48664e-14 -0.248092
0.269134 45.4201 -1.65465 -1.39455e-13 -0.258838
0.27033 51.5359 -1.03242 -1.14963e-13 -0.265486
0.271529 56.4647 -1.5892 -9.38709e-14 -0.269739
0.272731 60.2708 -1.45824 -7.60356e-14 -0.269394
0.273935 63.6339 -1.46062 -9.50596e-14 -0.267002
0.275142 66.2754 -1.01174 -8.41635e-14 -0.263826
0.276352 68.5312 -0.0761228 -1.21481e-13 -0.259571
0.277565 70.3941 0.700529 -7.27827e-14 -0.254742
0.278781 71.9356 1.52617 -1.32457e-13 -0.249555
0.279999 73.1981 2.27599 -1.01944e-13 -0.244077
0.28122 74.2244 2.93459 -1.20145e-13 -0.238379
0.282444 75.0464 3.53966 -1.19807e-13 -0.232505
0.283671 75.6787 4.13696 -1.71025e-13 -0.226515
0.284901 76.1525 4.68285 -1.2953e-13 -0.220486
0.286134 76.4501 5.22796 -1.47381e-13 -0.214458
0.287369 76.5993 5.73528 -1.59332e-13 -0.208463
0.288608 76.6163 6.19409 -1.51058e-13 -0.202513
0.289849 76.511 6.60163 -1.89608e-13 -0.196606
0.291093 76.2745 6.95773 -1.38285e-13 -0.190734
0.29234 75.917 7.25853 -1.16459e-13 -0.18489
0.29359 75.4528 7.4998 -1.12806e-13 -0.179063
0.294843 74.8917 7.67818 -9.55497e-14 -0.173238
0.296098 74.2392 7.79525 -1.09881e-13 -0.167398
0.297357 73.5104 7.82541 -5.35675e-14 -0.16153
0.298619 72.7 7.77986 -1.06287e-13 -0.155614
0.299883 71.8214 7.65075 -7.55755e-14 -0.149628
0.301151 70.8786 7.43416 -8.73446e-14 -0.143554
0.302421 69.8748 7.13555 -1.03896e-13 -0.137371
0.303694 68.8118 6.76172 -8.38486e-14 -0.131062
0.304971 67.6891 6.32172 -9.81029e-14 -0.124614
0.30625 66.5034 5.8302 -1.16836e-13 -0.118016
0.307532 65.2501 5.30533 -1.17344e-13 -0.111265
0.308817 63.9219 4.77052 -1.20915e-13 -0.104361
0.310105 62.511 4.24804 -1.5396e-13 -0.0973097
0.311396 61.0223 3.74127 -1.34223e-13 -0.0901285
0.312691 59.4531 3.28293 -1.17659e-13 -0.0828248
0.313988 57.8228 2.9021 -1.44882e-13 -0.0754194
0.315288 56.1538 2.60894 -1.08551e-13 -0.0679363
0.316591 54.4674 2.40862 -9.51324e-14 -0.060403
0.317897 52.7809 2.31501 -9.26343e-14 -0.0528509
0.319206 51.1062 2.32895 -6.85907e-14 -0.0453101
0.320519 49.4498 2.44801 -9.01382e-14 -0.0378111
0.321834 47.8089 2.67705 -8.18752e-14 -0.0303877
0.323152 46.1447 2.98843 -9.93729e-14 -0.0230646
0.324474 44.3905 3.35801 -9.31835e-14 -0.0158478
0.325798 42.9447 3.84159 -1.00465e-13 -0.00880813
0.327126 41.3934 4.36248 -9.02595e-14 -0.00191404
0.328457 39.8164 4.8955 -3.65084e-14 0.00480652
0.32979 38.2527 5.44471 -3.40558e-14 0.0113469
0.331127 36.706 5.98177 -2.69762e-14 0.01771
0.332467 35.1752 6.4881 -6.25425e-14 0.0238973
0.33381 33.6592 6.95359 -9.98781e-14 0.0299179
0.335156 32.1572 7.35199 -8.72434e-14 0.0357841
0.336505 30.6704 7.67605 -1.47823e-13 0.0415077
0.337858 29.202 7.91131 -1.18229e-13 0.0471061
0.339213 27.7639 8.06171 -1.24546e-13 0.0526039
0.340572 26.341 8.11599 -4.69104e-14 0.0580017
0.341934 24.943 8.07559 -7.52266e-14 0.0633323
0.343299 23.5693 7.93661 -1.20349e-13 0.0686081
0.344667 22.2251 7.70328 -3.67064e-14 0.0738434
0.346039 20.9124 7.37702 -7.62489e-14 0.0790665
0.347413 19.6304 6.96888 -8.137e-14 0.0842897
0.348791 18.3792 6.4807 -1.071e-13 0.0895294
0.350172 17.1569 5.93239 2.98292e-14 0.0947977
0.351556 15.9605 5.32494 -3.6806e-14 0.1001
0.352943 14.7874 4.6803 -1.96517e-14 0.105455
0.354334 13.6383 4.00666 2.2841e-14 0.110824
0.355728 12.5088 3.31707 -3.21956e-14 0.116225
0.357125 11.4003 2.61989 4.56848e-14 0.121643
0.358525 10.3106 1.93278 -4.90885e-14 0.127052
0.359928 9.2385 1.25727 8.8819e-14 0.132441
0.361335 8.1819 0.60481 5.28059e-14 0.137787
0.362745 7.13991 -0.0183312 -5.87342e-14 0.143067
0.364159 6.11138 -0.594182 1.40316e-13 0.148249
0.365575 5.0982 -1.13316 2.7424e-14 0.153302
0.366995 4.09836 -1.61987 -1.41059e-13 0.158207
0.368418 3.11327 -2.06458 2.85013e-14 0.162909
0.369845 2.15032 -2.4566 1.32913e-13 0.167402
0.371275 1.20479 -2.80069 4.98619e-14 0.171651
0.372708 0.278693 -3.10391 -1.09676e-13 0.175638
0.374144 -0.625758 -3.36513 -7.56411e-14 0.179333
0.375584 -1.50575 -3.5865 -1.59488e-14 0.182714
0.377027 -2.36089 -3.7694 -1.96773e-13 0.185763
0.378473 -3.19078 -3.89882 -1.58317e-13 0.188469
0.379923 -3.99505 -4.02822 -1.00736e-13 0.190823
0.381376 -4.77262 -4.09948 -1.13261e-13 0.19282
0.382833 -5.52599 -4.15607 -1.91731e-13 0.194461
0.384293 -6.25719 -4.18084 -1.94201e-13 0.19574
0.385756 -6.9515 -4.15211 -1.49227e-13 0.196656
0.387223 -7.62693 -4.15648 -1.1942e-13 0.197281
0.388693 -8.2767 -4.10127 -2.78238e-13 0.197556
0.390167 -8.90098 -3.99585 -1.99429e-13 0.19746
0.391644 -9.50578 -3.88668 -2.98544e-13 0.197084
0.393124 -10.0904 -3.763 -1.38283e-13 0.196418
0.394608 -10.6555 -3.63842 -7.18029e-14 0.195471
0.396095 -11.1999 -3.48416 -1.47773e-13 0.194263
0.397586 -11.7255 -3.30921 -1.97768e-13 0.192811
0.39908 -12.2389 -3.11641 -1.58013e-13 0.191103
0.400578 -12.7528 -2.94398 -3.00817e-13 0.189214
0.402079 -13.2594 -2.74258 -1.77891e-13 0.187128
0.403583 -13.7543 -2.5329 -3.92647e-14 0.184869
0.405091 -14.2396 -2.32488 -1.25724e-13 0.182455
0.406603 -14.7194 -2.11963 -1.1729e-13 0.179896
0.408118 -15.1976 -1.91832 -2.47503e-13 0.177219
0.409637 -15.6771 -1.72139 -1.52199e-13 0.174442
0.411159 -16.1608 -1.52617 -3.3625e-14 0.171582
0.412685 -16.6508 -1.32552 -8.92469e-14 0.168649
0.414214 -17.148 -1.13844 -5.92404e-14 0.165655
0.415747 -17.6522 -0.964348 -1.82798e-13 0.162612
0.417283 -18.1585 -0.801443 -1.60382e-13 0.159533
0.418823 -18.6578 -0.632502 -2.04996e-13 0.156425
0.420366 -19.1388 -0.47171 -2.11073e-13 0.153287
0.421913 -19.595 -0.323467 -2.14541e-13 0.150131
0.423464 -20.0267 -0.194041 -2.48694e-13 0.14697
0.425018 -20.4372 -0.0532031 -1.8731e-13 0.143816
0.426576 -20.8292 0.0779532 -1.3902e-13 0.140661
0.428137 -21.2062 0.169721 -1.91614e-13 0.137523
0.429703 -21.5728 0.282057 -1.86277e-13 0.134429
0.431271 -21.9269 0.402095 -1.85841e-13 0.131335
0.432844 -22.2712 0.449417 -2.26748e-13 0.128281
0.43442 -22.6098 0.507904 -2.42846e-13 0.125298
0.435999 -22.9403 0.554864 -2.31103e-13 0.12236
0.437583 -23.2625 0.608849 -2.1301e-13 0.119478
0.43917 -23.5748 0.681006 -2.97975e-13 0.116624
0.44076 -23.8762 0.686351 -3.22936e-13 0.113807
0.442355 -24.1704 0.706585 -2.95766e-13 0.111051
0.443953 -24.4558 0.754411 -2.26122e-13 0.10833
0.445555 -24.7319 0.744389 -2.73156e-13 0.105644
0.44716 -25.0012 0.735872 -3.00939e-13 0.103014
0.448769 -25.2635 0.738757 -2.61883e-13 0.100435
0.450382 -25.5086 0.768808 -2.12397e-13 0.0978797
0.451999 -25.749 0.749615 -2.2308e-13 0.0953729
0.453619 -25.9838 0.755904 -2.05959e-13 0.0929072
0.455244 -26.2114 0.761165 -3.42169e-13 0.0904746
0.456872 -26.4319 0.737455 -2.55898e-13 0.0880747
0.458503 -26.6464 0.711844 -2.60017e-13 0.085716
0.460139 -26.8554 0.711757 -2.44388e-13 0.0833928
0.461778 -27.0573 0.718107 -2.95215e-13 0.0810877
0.463422 -27.252 0.67506 -2.88579e-13 0.0788054
0.465069 -27.4399 0.619834 -3.79923e-13 0.0765643
0.466719 -27.6265 0.582235 -2.28474e-13 0.0743703
0.468374 -27.8098 0.575753 -3.19002e-13 0.0722048
0.470032 -27.9876 0.550696 -2.81875e-13 0.0700587
0.471695 -28.1616 0.485109 -3.17142e-13 0.067943
0.473361 -28.3349 0.419889 -2.86328e-13 0.0658719
0.475031 -28.5062 0.380431 -2.73327e-13 0.0638186
0.476705 -28.6712 0.343326 -3.60511e-13 0.061753
0.478383 -28.8271 0.284688 -3.32755e-13 0.0596707
0.480064 -28.9787 0.245889 -3.37305e-13 0.0575705
0.48175 -29.1592 0.221566 -2.95468e-13 0.0554818
0.48344 -29.603 0.24922 -2.74443e-13 0.0535416
0.485133 -33.0173 0.343541 -2.63992e-13 0.0519974
0.48683 -78.5791 1.04285 -3.06433e-13 0.0501196
