-0.24299 -383.392 -2.44095 2.25933e-13 0.0390788
-0.241293 -159.602 0.586626 1.22371e-13 0.00987436
-0.2396 -129.545 0.641597 1.22029e-13 0.0152528
-0.23791 -125.795 0.652951 7.68092e-14 0.0185082
-0.236224 -126.971 0.670991 8.82204e-14 0.0203114
-0.234543 -128.503 0.682487 9.8986e-14 0.021411
-0.232865 -129.318 0.690253 7.84486e-14 0.022215
-0.231191 -129.443 0.693576 7.61335e-14 0.022856
-0.229521 -129.121 0.695212 8.32046e-14 0.0234545
-0.227855 -128.403 0.696198 8.27989e-14 0.0240292
-0.226192 -127.489 0.693413 8.92466e-14 0.0245913
-0.224534 -126.515 0.688014 7.83325e-14 0.0251864
-0.222879 -125.536 0.680299 7.29574e-14 0.0257727
-0.221229 -124.574 0.670063 9.0825e-14 0.0263882
-0.219582 -123.634 0.65668 2.3191e-14 0.0269925
-0.217938 -122.714 0.637582 8.19521e-15 0.0276021
-0.216299 -121.821 0.612041 -2.33169e-14 0.0282027
-0.214663 -120.956 0.584034 -1.79932e-14 0.0287647
-0.213032 -120.117 0.558468 -5.23244e-14 0.029305
-0.211404 -119.307 0.533309 -3.64485e-14 0.0298299
-0.209779 -118.526 0.514154 -1.06487e-14 0.0303339
-0.208159 -117.77 0.497164 -6.46706e-14 0.0308412
-0.206542 -117.039 0.479622 -1.08386e-14 0.0313587
-0.204929 -116.331 0.461667 -2.63626e-14 0.0318619
-0.20332 -115.648 0.428978 -1.06633e-14 0.0323393
-0.201715 -114.982 0.40139 -4.94993e-14 0.0327978
-0.200113 -114.336 0.378962 -7.27838e-14 0.0332392
-0.198515 -113.708 0.355955 -5.69955e-15 0.0336675
-0.19692 -113.099 0.335396 -3.20382e-14 0.0340823
-0.19533 -112.505 0.313799 -1.00281e-13 0.0344927
-0.193743 -111.926 0.290111 -6.32453e-14 0.0348895
-0.192159 -111.363 0.26913 6.52948e-15 0.0352762
-0.19058 -110.813 0.247358 -5.58947e-14 0.0356488
-0.189004 -110.277 0.229798 -5.68349e-14 0.0360095
-0.187431 -109.754 0.213787 -3.22647e-14 0.0363692
-0.185863 -109.243 0.19851 -2.39069e-14 0.0367283
-0.184297 -108.743 0.183276 -7.71566e-14 0.0370828
-0.182736 -108.256 0.171021 -1.0635e-13 0.0374417
-0.181178 -107.779 0.157427 -1.63354e-13 0.0377981
-0.179624 -107.312 0.145701 -1.20101e-13 0.0381533
-0.178073 -106.855 0.135041 -6.74062e-14 0.0385139
-0.176526 -106.408 0.124019 -1.09239e-13 0.0388795
-0.174983 -105.97 0.11267 -1.2105e-13 0.039248
-0.173443 -105.541 0.101742 -1.17431e-13 0.0396197
-0.171907 -105.124 0.0897872 -1.38822e-13 0.039997
-0.170374 -104.707 0.0806893 -1.10585e-13 0.0403799
-0.168845 -104.3 0.0693399 -8.70776e-14 0.0407639
-0.167319 -103.902 0.0592012 -1.24528e-13 0.0411523
-0.165797 -103.51 0.0481491 -6.07737e-14 0.0415468
-0.164278 -103.126 0.0366783 -8.47606e-14 0.041945
-0.162763 -102.748 0.0249203 -4.74543e-14 0.0423468
-0.161251 -102.378 0.0116708 -5.55482e-14 0.0427526
-0.159743 -102.015 -0.00311204 -5.64056e-14 0.0431632
-0.158239 -101.657 -0.00606474 1.03092e-14 0.043579
-0.156738 -101.307 -0.0168805 -6.29834e-15 0.0440045
-0.15524 -100.962 -0.0285743 -4.81963e-14 0.0444392
-0.153746 -100.624 -0.0386598 -7.05809e-14 0.044881
-0.152255 -100.291 -0.0476866 -9.53733e-14 0.0453353
-0.150768 -99.963 -0.055765 -3.28873e-14 0.0458034
-0.149284 -99.6408 -0.0624718 -5.7038e-14 0.0462853
-0.147804 -99.3238 -0.0680537 -5.31185e-14 0.0467821
-0.146327 -99.0115 -0.0721366 1.09708e-14 0.0472957
-0.144853 -98.7039 -0.0756196 -6.06682e-14 0.0478273
-0.143383 -98.4009 -0.0779117 -4.537e-14 0.0483783
-0.141916 -98.1023 -0.0799519 -6.88487e-14 0.0489493
-0.140453 -97.8079 -0.0811225 -6.92803e-14 0.0495414
-0.138993 -97.5173 -0.0814977 -7.78936e-14 0.0501557
-0.137536 -97.2302 -0.08187 -8.90263e-14 0.0507924
-0.136083 -96.9462 -0.0816307 -1.31386e-13 0.0514516
-0.134633 -96.6655 -0.0811125 -4.55399e-14 0.0521358
-0.133187 -96.3879 -0.0804143 -4.78967e-14 0.0528428
-0.131744 -96.1127 -0.07943 -1.05303e-13 0.053574
-0.130304 -95.8396 -0.0785668 -3.93159e-14 0.0543296
-0.128868 -95.5689 -0.0775277 -8.30326e-14 0.0551104
-0.127435 -95.3007 -0.0761784 -1.31616e-13 0.0559161
-0.126005 -95.0373 -0.0744071 -8.10932e-14 0.0567491
-0.124578 -94.7792 -0.0720166 -4.96037e-14 0.0576073
-0.123155 -94.5096 -0.0704232 -9.21238e-14 0.0584937
-0.121735 -94.2435 -0.0676795 -8.74458e-14 0.0594055
-0.120319 -93.9806 -0.063745 -9.55667e-14 0.0603483
-0.118905 -93.7197 -0.0600512 -7.74695e-14 0.0613199
-0.117495 -93.46 -0.0549912 -3.94271e-14 0.0623242
-0.116088 -93.2013 -0.049804 -7.52825e-14 0.0633602
-0.114685 -92.9433 -0.0436256 -9.05572e-14 0.0644303
-0.113285 -92.6858 -0.0373933 -4.01098e-14 0.0655348
-0.111888 -92.4285 -0.0307689 -3.8248e-14 0.0666745
-0.110494 -92.1712 -0.0244238 -4.46623e-14 0.067851
-0.109103 -91.9139 -0.0175788 -5.74747e-14 0.0690635
-0.107716 -91.656 -0.0112782 -2.20566e-14 0.0703141
-0.106332 -91.398 -0.00498551 -5.61801e-14 0.0716027
-0.104951 -91.139 -0.00605662 -4.83486e-14 0.0729297
-0.103573 -90.8787 0.00189219 1.07802e-14 0.0742966
-0.102199 -90.617 0.00968617 -2.75858e-14 0.0757036
-0.100827 -90.3542 0.0130475 -2.056e-14 0.0771507
-0.099459 -90.0901 0.0172259 -4.25372e-14 0.0786388
-0.098094 -89.8243 0.0216574 -4.77319e-14 0.0801689
-0.0967322 -89.5566 0.025848 2.78906e-14 0.0817418
-0.0953735 -89.2868 0.0303769 7.73114e-15 0.0833586
-0.0940179 -89.0146 0.0343139 -5.54113e-15 0.0850204
-0.0926655 -88.7397 0.0383411 7.4588e-14 0.0867286
-0.0913162 -88.4619 0.042137 5.80383e-15 0.0884848
-0.0899701 -88.1812 0.0460318 1.6549e-14 0.0902904
-0.088627 -87.8984 0.0495314 2.73097e-14 0.0921466
-0.0872871 -87.6132 0.052708 9.85279e-15 0.0940547
-0.0859502 -87.3246 0.0555063 5.13492e-15 0.0960161
-0.0846165 -87.0319 0.0579556 4.65768e-14 0.0980322
-0.0832859 -86.7347 0.0601682 5.76003e-14 0.100105
-0.0819583 -86.4327 0.0623782 3.06367e-14 0.102236
-0.0806338 -86.1255 0.0656331 4.43622e-14 0.104427
-0.0793124 -85.8133 0.0665718 2.18532e-14 0.10668
-0.077994 -85.4949 0.0685725 3.53764e-14 0.108999
-0.0766787 -85.1703 0.0707191 1.61065e-14 0.111386
-0.0753664 -84.8387 0.0728932 -1.99981e-14 0.113843
-0.0740572 -84.4996 0.0750631 -4.86798e-14 0.116374
-0.072751 -84.1526 0.0772659 -1.89125e-14 0.118981
-0.0714478 -83.7972 0.079466 -8.68064e-14 0.121668
-0.0701477 -83.4329 0.081729 -2.24684e-14 0.124437
-0.0688505 -83.0592 0.0840542 1.99918e-15 0.127294
-0.0675564 -82.6754 0.0865945 -1.97642e-14 0.130241
-0.0662653 -82.2811 0.0887719 1.76518e-14 0.133283
-0.0649771 -81.8755 0.0909846 -5.40847e-14 0.136423
-0.0636919 -81.4579 0.0932438 -4.77678e-14 0.139668
-0.0624097 -81.0274 0.0955083 1.456e-14 0.14302
-0.0611305 -80.5832 0.0978099 6.01686e-15 0.146486
-0.0598543 -80.1245 0.100155 -4.4661e-14 0.150071
-0.0585809 -79.65 0.102574 2.65615e-14 0.153782
-0.0573106 -79.1587 0.105078 -8.56691e-15 0.157624
-0.0560432 -78.6498 0.107685 -4.35133e-15 0.161606
-0.0547787 -78.1221 0.110385 1.86224e-14 0.165734
-0.0535171 -77.5737 0.112538 -3.20634e-14 0.170019
-0.0522585 -77.0005 0.115852 -8.18946e-14 0.174466
-0.0510028 -76.403 0.118225 -3.60986e-14 0.179088
-0.04975 -75.7796 0.120583 -3.82752e-14 0.183895
-0.0485 -75.1277 0.122759 -1.58566e-14 0.1889
-0.047253 -74.444 0.124752 -2.6202e-15 0.194115
-0.0460089 -73.7257 0.126639 -4.26049e-15 0.199554
-0.0447676 -72.9705 0.128301 -2.44952e-14 0.205236
-0.0435293 -72.1777 0.129815 -3.27914e-14 0.211179
-0.0422938 -71.3466 0.131275 -7.04214e-14 0.217406
-0.0410611 -70.4582 0.132995 -4.97421e-14 0.223943
-0.0398313 -69.2959 0.13301 -5.82936e-14 0.230785
-0.0386044 -68.3478 0.130968 -8.38065e-14 0.238052
-0.0373803 -67.4741 0.13124 -9.35809e-14 0.245564
-0.036159 -66.2164 0.132648 -8.35068e-14 0.253581
-0.0349406 -64.8621 0.134066 -7.63932e-14 0.262117
-0.0337249 -63.48 0.135411 -4.24324e-14 0.271303
-0.0325121 -62.1028 0.135989 -6.6576e-14 0.281301
-0.0313021 -61.045 0.140149 -6.66453e-14 0.292616
-0.0300949 -54.715 0.176256 -2.9514e-14 0.301298
-0.0288907 -58.9077 -1.16526 -5.34903e-14 0.318509
-0.0276895 -63.937 -1.84258 2.63498e-13 0.319083
-0.0264912 -63.5795 -2.10731 -4.57509e-14 0.318824
-0.0252957 -61.7678 -2.04061 -4.42457e-14 0.323849
-0.024103 -60.3879 -1.99391 3.95836e-13 0.330059
-0.022913 -58.9383 -1.94501 3.42195e-13 0.337599
-0.0217258 -58.0271 -1.90861 -1.06997e-13 0.34723
-0.0205413 -50.1639 -1.25435 1.60837e-13 0.353065
-0.0193607 -55.174 -3.4679 4.5394e-13 0.374161
-0.0181845 -65.8334 -5.08647 -2.05367e-13 0.367076
-0.0170115 -65.0329 -6.05237 9.86854e-13 0.361629
-0.0158413 -64.2534 -5.97726 -2.94396e-13 0.361105
-0.0146737 -63.1679 -5.87485 4.427e-14 0.361625
-0.0135088 -61.4304 -5.71318 -8.14781e-14 0.365254
-0.0123467 -60.1621 -5.59214 8.42048e-13 0.371126
-0.0111872 -52.4142 -3.96876 4.60635e-13 0.374103
-0.0100333 -58.7208 -7.34785 -3.97273e-13 0.397751
-0.00888502 -71.3222 -8.29226 -5.2769e-14 0.37606
-0.0077394 -68.5128 -7.94655 3.23419e-13 0.370884
-0.00659644 -67.2076 -7.78896 1.37054e-13 0.369558
-0.00545613 -66.5439 -7.70861 -6.85618e-13 0.368879
-0.00431845 -65.608 -7.59245 5.8112e-13 0.369407
-0.00318341 -58.9847 -7.39944 -2.33662e-12 0.372099
-0.00205294 -61.0673 -6.65968 2.79294e-13 0.382988
-0.000929051 -69.7088 -12.0506 3.98411e-12 0.380096
0.00019021 -74.4211 -11.7856 6.02763e-13 0.366585
0.00130688 -72.6971 -11.5015 6.98223e-14 0.360523
0.00242096 -71.3454 -11.2814 9.64191e-14 0.357343
0.00353247 -70.8065 -11.1878 1.55237e-13 0.356423
0.0046414 -68.1477 -10.0683 -1.09861e-12 0.35434
0.00574681 -62.7322 -11.3564 -1.20099e-12 0.358864
0.00684487 -70.0712 -15.2482 3.79881e-12 0.368117
0.00793648 -83.0774 -16.5431 6.73137e-13 0.343543
0.00902557 -80.1695 -15.9069 -5.24563e-13 0.333255
0.0101121 -78.5903 -15.6133 1.9757e-13 0.326412
0.0111962 -77.3378 -15.3551 -3.49991e-12 0.321454
0.0122777 -74.8537 -14.8975 8.57342e-13 0.319125
0.0133562 -70.2281 -15.6263 -2.99057e-12 0.317513
0.0144268 -75.6786 -19.8237 -1.77736e-13 0.328418
0.0154898 -94.0317 -22.3944 -1.90158e-12 0.29371
0.0165503 -90.7282 -21.5911 1.57562e-12 0.276361
0.0176084 -89.813 -21.3767 5.30196e-13 0.26283
0.018664 -89.8144 -21.3778 3.10986e-12 0.250612
0.0197172 -89.9304 -21.4096 1.31489e-12 0.239724
0.0207675 -87.3489 -23.3579 -1.42896e-12 0.229182
0.0218123 -90.8659 -25.9127 -1.51759e-12 0.22139
0.0228523 -104.219 -26.8397 8.21077e-13 0.192244
0.0238898 -103.871 -26.7454 -5.39928e-13 0.169191
0.0249249 -105.268 -27.1116 6.53514e-13 0.146573
0.0259577 -107.896 -27.7963 7.93059e-14 0.121977
0.026988 -114.854 -32.6149 1.86506e-13 0.0948511
0.0280178 -116.496 -27.3249 -7.43339e-13 0.0634613
0.0290492 -104.795 -27.0235 -4.94371e-13 0.0439024
0.0300804 -102.733 -23.7373 -8.31626e-15 0.0412205
0.0311092 -106.05 -24.5129 3.21888e-12 0.0298256
0.0321356 -109.647 -25.3515 -2.07102e-12 0.0135803
0.0331597 -114.631 -26.5066 4.93618e-13 -0.00692477
0.0341815 -121.547 -30.9099 -6.12264e-13 -0.0292995
0.0352039 -111.816 -25.7765 1.46894e-12 -0.0633458
0.0362268 -104.196 -21.7845 -4.18994e-13 -0.0547157
0.0372473 -108.41 -22.6843 5.41218e-13 -0.0619858
0.0382654 -112.32 -23.5119 8.32379e-13 -0.0742864
0.0392812 -116.314 -24.3616 4.05316e-13 -0.092059
0.0402947 -127.88 -29.2509 -5.71843e-13 -0.11275
0.041308 -117.164 -24.5694 -2.40668e-13 -0.146916
0.0423215 -107.454 -20.3919 -9.39918e-13 -0.13845
0.0433329 -110.513 -20.8442 1.28284e-13 -0.140675
0.0443419 -115.223 -21.749 -4.21142e-13 -0.151678
0.0453487 -119.833 -22.6301 -7.26669e-13 -0.167984
0.0463531 -132.362 -27.1934 6.80012e-13 -0.188704
0.0473573 -119.164 -22.2317 -9.19987e-13 -0.224619
0.0483612 -108.129 -18.2662 2.87174e-14 -0.207896
0.0493628 -112.41 -19.0138 9.32269e-14 -0.209905
0.0503621 -118.471 -20.0629 2.24334e-13 -0.221667
0.0513591 -129.613 -17.6579 -1.11114e-12 -0.238038
0.0523545 -131.588 -20.9651 2.99891e-13 -0.263995
0.0533493 -116.811 -19.08 -5.10757e-13 -0.281159
0.0543429 -110.711 -16.6747 1.21954e-13 -0.26881
0.0553341 -115.24 -17.3879 1.45726e-14 -0.271163
0.0563232 -122.979 -18.594 -6.71625e-13 -0.286361
0.0573099 -139.913 -22.7493 1.40309e-13 -0.306612
0.0582957 -125.267 -18.3218 1.2181e-12 -0.34596
0.0592807 -110.77 -14.7776 8.63834e-13 -0.326823
0.0602635 -114.568 -15.2955 -3.68662e-13 -0.325324
0.0612441 -120.136 -16.0113 2.99517e-13 -0.332667
0.0622223 -134.494 -19.2323 7.27021e-13 -0.345174
0.0631992 -126.795 -16.5238 6.20886e-13 -0.377597
0.0641751 -113.654 -13.2828 8.98799e-13 -0.368089
0.065149 -116.152 -13.5505 9.51228e-13 -0.365102
0.0661207 -121.656 -14.3284 -3.71113e-14 -0.371497
0.06709 -139.924 -17.6447 -4.34749e-13 -0.389503
0.068058 -129.476 -15.1844 -1.8562e-13 -0.426996
0.0690247 -115.984 -14.8516 6.72632e-14 -0.418409
0.0699894 -118.263 -15.1218 1.8528e-13 -0.416478
0.0709518 -125.565 -15.9967 -4.47522e-13 -0.423337
0.0719121 -138.121 -14.7987 1.08753e-13 -0.440159
0.0728709 -126.788 -12.0525 -4.97627e-13 -0.474744
0.0738282 -113.343 -12.1908 -1.76076e-13 -0.456794
0.0747834 -117.902 -12.7173 -2.03693e-14 -0.455179
0.0757363 -131.947 -12.5389 1.02531e-13 -0.465658
0.0766874 -132.511 -13.2768 6.64932e-15 -0.487933
0.0776369 -120.47 -10.4294 -5.95893e-14 -0.496278
0.0785845 -116.271 -10.4869 -2.05353e-14 -0.487202
0.0795299 -122.851 -11.0243 -7.54207e-15 -0.487159
0.0804732 -138.78 -10.62 -1.96704e-13 -0.509921
0.0814148 -124.724 -8.40344 6.48837e-15 -0.532694
0.0823547 -115.888 -8.52931 1.32921e-15 -0.521532
0.0832924 -120.93 -8.90533 1.36285e-13 -0.520673
0.0842279 -137.489 -8.58919 1.48897e-13 -0.535165
0.0851616 -127.899 -6.50482 1.54493e-13 -0.565203
0.0860936 -116.409 -6.70381 3.67303e-14 -0.553725
0.0870234 -121.075 -6.97883 -3.56459e-14 -0.552538
0.087951 -135.096 -6.57992 4.37639e-14 -0.564075
0.0888768 -127.577 -5.08479 3.38478e-15 -0.591382
0.0898007 -116.896 -4.96554 1.68202e-13 -0.581298
0.0907225 -122.151 -5.14303 7.95364e-14 -0.580288
0.0916422 -134.026 -5.45052 1.23338e-13 -0.59483
0.09256 -124.363 -3.16194 6.85704e-14 -0.611811
0.0934757 -117.76 -3.3373 -9.84702e-15 -0.604469
0.0943894 -124.964 -3.20154 6.47046e-14 -0.604198
0.095301 -130.736 -2.85588 -4.82634e-14 -0.627334
0.0962106 -121.156 -1.54515 -9.12507e-14 -0.628842
0.0971182 -119.574 -1.40416 -5.98042e-14 -0.624002
0.0980237 -130.973 -1.15741 3.37836e-14 -0.631981
0.0989271 -126.105 -0.263944 -2.72836e-15 -0.652748
0.0998285 -118.163 -0.189515 -4.28743e-16 -0.646127
0.100728 -125.467 0.208958 -4.44643e-14 -0.645788
0.101625 -129.222 0.591314 -1.3069e-14 -0.669779
0.10252 -119.354 0.917774 -8.88924e-15 -0.667075
0.103413 -123.51 1.12724 -3.29319e-15 -0.665298
0.104304 -129.598 1.57981 -1.57554e-14 -0.682034
0.105193 -121.262 2.27836 -1.90571e-14 -0.685717
0.10608 -121.957 2.47715 -2.8139e-14 -0.682827
0.106965 -128.857 3.0813 -5.20759e-14 -0.697465
0.107847 -121.064 3.07416 4.86786e-15 -0.702241
0.108728 -122.001 3.27907 -7.09373e-15 -0.699382
0.109606 -127.401 4.42665 5.2855e-14 -0.714556
0.110482 -120.07 4.08076 -1.25068e-14 -0.717042
0.111357 -122.637 4.14589 -1.48956e-14 -0.714175
0.112229 -125.738 4.92204 -2.13017e-13 -0.731853
0.113099 -119.004 5.07852 -1.47863e-13 -0.729653
0.113966 -124.074 5.55104 -8.8199e-14 -0.73007
0.114832 -125.012 7.46445 -1.46253e-13 -0.748912
0.115696 -119.262 7.04935 1.3761e-13 -0.742407
0.116557 -124.319 7.77691 1.36762e-13 -0.752437
0.117416 -119.467 7.90529 2.49089e-14 -0.754854
0.118273 -122.458 8.42775 -1.86263e-13 -0.755325
0.119128 -123.214 9.2113 -3.72478e-15 -0.7703
0.119981 -119.503 9.0988 -6.10529e-15 -0.765024
0.120832 -122.538 9.80908 -2.76131e-13 -0.777167
0.12168 -119.626 9.9046 -3.27154e-14 -0.775782
0.122528 -122.402 9.05574 5.51856e-14 -0.785303
0.123376 -119.563 9.20057 -1.40696e-14 -0.786199
0.124226 -121.655 9.67828 -1.23367e-13 -0.792596
0.125078 -119.718 9.89744 2.10085e-13 -0.795325
0.125931 -119.836 10.2665 6.07889e-14 -0.799948
0.126786 -118.699 10.3625 -6.59571e-13 -0.802297
0.127643 -114.604 10.0149 -3.14878e-13 -0.807012
0.128502 -106.505 9.01735 -9.59547e-14 -0.800671
0.129363 -91.3999 6.93458 -2.3817e-13 -0.794704
0.130225 -61.3769 2.97905 -4.92577e-14 -0.761553
0.131089 -36.265 -0.28234 -1.53532e-13 -0.708334
0.131954 -16.8743 -3.19414 -4.62531e-14 -0.634023
0.132822 -9.05798 -3.52897 -1.62178e-13 -0.559629
0.133691 -4.95328 -2.71174 -5.38235e-13 -0.498091
0.134561 -1.23945 -1.86994 3.903e-14 -0.448155
0.135434 1.77225 -1.40618 3.57221e-14 -0.408811
0.136308 4.54274 -1.21136 -2.36496e-15 -0.378479
0.137184 6.81092 -1.30473 3.02266e-13 -0.353315
0.138061 8.50715 -1.42932 -2.63891e-13 -0.333248
0.138941 9.94441 -1.70591 2.45109e-13 -0.31633
0.139821 11.0453 -1.8816 4.81167e-13 -0.301692
0.140704 11.8119 -2.03915 -4.61163e-13 -0.288564
0.141588 12.3051 -2.14805 6.39231e-13 -0.276702
0.142474 12.5955 -2.64014 -2.35322e-14 -0.265694
0.143361 12.8992 -2.22901 4.29167e-13 -0.25534
0.144251 13.0366 -2.24437 1.14547e-12 -0.245537
0.145141 13.14 -2.23562 -2.32104e-13 -0.236114
0.146034 13.0981 -2.75628 -7.04144e-13 -0.226993
0.146927 13.0695 -2.75313 9.52257e-13 -0.21822
0.147823 13.0435 -2.72836 1.64093e-13 -0.209728
0.14872 13.0698 -2.12953 5.34533e-13 -0.201448
0.149619 12.9951 -2.06509 -2.26879e-13 -0.193426
0.150519 12.9196 -1.99599 1.28635e-12 -0.18561
0.151421 12.8185 -1.92968 2.26194e-13 -0.17801
0.152324 12.6478 -2.49588 1.96532e-13 -0.170642
0.153229 12.5274 -2.47526 -8.67712e-13 -0.163406
0.154136 12.4321 -2.4814 -1.68284e-12 -0.156529
0.155044 12.5004 -1.84898 1.14923e-12 -0.149753
0.155953 12.3251 -2.51046 9.07174e-13 -0.143244
0.156864 12.2482 -2.53324 -4.48051e-13 -0.136848
0.157777 12.1798 -2.56623 3.38536e-13 -0.130805
0.158691 12.376 -1.92116 4.49028e-13 -0.124889
0.159607 12.1737 -2.61884 5.89399e-13 -0.119039
0.160524 12.3031 -1.95022 1.06219e-13 -0.113635
0.161442 12.4044 -1.99303 1.05315e-13 -0.108248
0.162362 12.3739 -2.00369 -2.69967e-13 -0.102987
0.163284 12.4397 -2.0599 2.98347e-13 -0.0981349
0.164206 12.3568 -2.86478 1.33048e-12 -0.0931673
0.165131 12.3568 -2.92256 -2.301e-13 -0.0885606
0.166056 12.4903 -3.0032 -1.41896e-12 -0.0841242
0.166983 12.7159 -2.24047 1.53529e-13 -0.0796859
0.167912 12.8391 -2.31557 -2.54808e-13 -0.0756964
0.168842 12.9244 -2.35562 -5.59162e-13 -0.0714814
0.169773 12.7947 -3.29669 -9.24731e-13 -0.0677784
0.170706 12.9064 -3.35405 -7.49268e-13 -0.063913
0.17164 12.9776 -3.4436 3.08821e-13 -0.0604494
0.172575 13.0836 -3.51288 -7.21926e-13 -0.0569318
0.173511 13.1605 -3.59896 -3.47941e-13 -0.05369
0.174449 13.5065 -2.71285 5.05859e-14 -0.0504941
0.175389 13.5975 -2.77863 -3.65246e-13 -0.0474982
0.176329 13.679 -2.83318 -3.50685e-12 -0.0445392
0.177271 13.767 -2.90089 2.85318e-12 -0.0417941
0.178214 13.8331 -2.94789 -1.22302e-12 -0.039061
0.179158 13.9113 -3.0167 7.99467e-13 -0.0365583
0.180104 14.0172 -2.89611 3.53002e-12 -0.0340457
0.181051 13.7293 -4.12084 -1.91625e-12 -0.0317336
0.181999 13.9687 -3.51912 -4.25217e-12 -0.0294481
0.182948 14.3857 -2.32891 1.50864e-12 -0.0273626
0.183898 14.1211 -3.26955 -1.37874e-12 -0.0252457
0.18485 14.1402 -3.32185 2.457e-12 -0.023306
0.185802 14.1261 -3.36833 -3.14408e-12 -0.0214049
0.186756 13.78 -4.57211 -2.24821e-12 -0.019624
0.187711 13.699 -4.79115 -2.02482e-12 -0.0178414
0.188667 13.9738 -3.92234 -2.66355e-12 -0.0162881
0.189624 14.2073 -3.37273 2.72354e-12 -0.014685
0.190582 14.0749 -3.62274 -1.50116e-12 -0.0132095
0.191542 14.1847 -3.68731 -3.2675e-12 -0.0118925
0.192502 14.5865 -2.85563 -1.29289e-12 -0.010512
0.193464 14.8819 -2.62039 -4.45468e-12 -0.00942473
0.194426 14.8433 -4.09701 6.1281e-13 -0.00816536
0.195389 15.067 -4.77711 -3.47848e-12 -0.00701531
0.196354 14.6093 -6.18916 2.24679e-13 -0.00581595
0.197322 15.1863 -6.68328 2.73858e-12 -0.00488826
0.198293 16.4706 -4.95633 -8.64498e-13 -0.0035116
0.19927 15.6546 -4.36377 -1.78254e-12 -0.00177161
0.200261 16.422 -3.59054 -7.70023e-13 -0.00247901
0.201262 18.0866 -4.09842 5.47459e-13 -0.000290115
0.20227 17.6217 -3.1265 1.27711e-12 0.000855213
0.203291 19.1046 -2.49319 -5.48812e-13 0.000397282
0.20432 19.9695 -2.69858 -9.08001e-13 0.00388019
0.205355 19.8312 -1.31243 1.83097e-13 0.00385215
0.206398 21.9477 -0.893842 -2.8678e-13 0.00428283
0.207445 21.8767 -0.882993 -3.13376e-13 0.00813332
0.208497 22.158 0.585023 -2.17781e-13 0.00766747
0.209552 24.6363 0.712467 -2.66779e-13 0.00970085
0.21061 25.3765 0.683791 -3.13584e-13 0.0124385
0.21167 25.8424 0.719428 -4.05904e-13 0.0149441
0.212733 26.7228 0.769749 -4.22223e-13 0.0178172
0.213798 27.0874 0.810252 -3.82692e-13 0.0208675
0.214865 27.3268 0.850684 -3.62266e-13 0.0241221
0.215935 27.4199 0.888609 -3.55729e-13 0.0275767
0.217008 27.361 0.923024 -4.47366e-13 0.0312106
0.218083 27.1482 0.950473 -4.21891e-13 0.0350093
0.219161 26.79 0.977862 -2.97063e-13 0.0389599
0.220241 26.2979 0.996595 -2.60699e-13 0.0430517
0.221323 25.6672 1.00592 -2.63895e-13 0.047275
0.222408 24.8938 1.01206 -4.15527e-13 0.0516119
0.223496 23.9729 1.00968 -3.31158e-13 0.0560639
0.224586 22.9047 1.00445 -4.29231e-13 0.0606076
0.225679 21.6932 0.987127 -5.71389e-13 0.0652332
0.226774 20.339 0.96736 -6.38537e-13 0.0699256
0.227872 18.8425 0.943059 -5.62167e-13 0.0746699
0.228972 17.2055 0.918179 -5.44572e-13 0.0794501
0.230075 15.4307 0.885266 -5.73795e-13 0.0842496
0.23118 13.5219 0.856821 -3.85664e-13 0.0890516
0.232288 11.4832 0.82551 -5.39132e-13 0.0938386
0.233399 9.31912 0.795088 -4.95945e-13 0.0985929
0.234512 7.03543 0.766475 -3.2248e-13 0.103296
0.235628 4.63697 0.740445 -4.33153e-13 0.107932
0.236746 2.13157 0.717461 -3.2161e-13 0.112483
0.237867 -0.472685 0.697439 -1.91157e-13 0.116932
0.23899 -3.16785 0.680875 -1.00525e-13 0.121262
0.240116 -5.94701 0.665711 -1.38558e-13 0.12546
0.241245 -8.80259 0.656622 -1.05123e-13 0.129512
0.242376 -11.7262 0.653125 -4.50401e-14 0.133404
0.24351 -14.709 0.650072 -8.44623e-14 0.137124
0.244647 -17.743 0.649216 1.28641e-14 0.140663
0.245786 -20.8182 0.650507 6.84476e-14 0.144007
0.246928 -23.9255 0.65099 1.45299e-13 0.147156
0.248073 -27.0572 0.654161 5.53882e-14 0.150099
0.24922 -30.2006 0.657596 -1.19468e-13 0.152831
0.25037 -33.3447 0.660413 -1.29566e-13 0.155351
0.251522 -36.4803 0.662272 -6.78518e-14 0.157654
0.252677 -39.5976 0.662719 -1.97027e-14 0.15974
0.253835 -42.687 0.661387 -9.7548e-14 0.161608
0.254996 -45.7398 0.66039 -9.89621e-14 0.163261
0.256159 -48.7475 0.654768 -2.09906e-13 0.1647
0.257325 -51.7032 0.644271 -3.18059e-13 0.16593
0.258493 -54.6 0.634366 -2.88317e-13 0.166952
0.259665 -57.4331 0.621839 -1.75179e-13 0.167777
0.260839 -60.1961 0.609383 -1.47775e-13 0.168407
0.262016 -62.8834 0.590405 -1.90944e-13 0.168848
0.263195 -65.4903 0.575522 -3.16339e-13 0.169108
0.264377 -68.0129 0.55089 -2.37692e-13 0.1692
0.265562 -70.443 0.529365 -2.95582e-13 0.16911
0.26675 -72.791 0.512604 -2.25543e-13 0.168856
0.267941 -75.0395 0.489628 -2.48974e-13 0.168467
0.269134 -77.1974 0.46717 -2.62624e-13 0.167929
0.27033 -79.2607 0.444563 -2.48333e-13 0.167257
0.271529 -81.2293 0.422554 -2.45862e-13 0.166454
0.272731 -83.104 0.400867 -2.47664e-13 0.165534
0.273935 -84.8859 0.37875 -2.23939e-13 0.1645
0.275142 -86.5747 0.360378 -1.76697e-13 0.163361
0.276352 -88.1715 0.34193 -1.90554e-13 0.162125
0.277565 -89.6776 0.324889 -9.20387e-14 0.160798
0.278781 -91.0951 0.309462 -1.68856e-13 0.159387
0.279999 -92.4263 0.294554 -1.31373e-13 0.1579
0.28122 -93.6712 0.282321 -1.63259e-13 0.156344
0.282444 -94.8307 0.272723 -2.06999e-13 0.154724
0.283671 -95.9119 0.260872 -2.26644e-13 0.153034
0.284901 -96.927 0.255422 -1.97189e-13 0.151304
0.286134 -97.8745 0.250235 -1.12525e-13 0.149528
0.287369 -98.748 0.244636 -1.39456e-13 0.147709
0.288608 -99.5489 0.241777 -1.45422e-13 0.145854
0.289849 -100.281 0.239158 -1.4609e-13 0.143966
0.291093 -100.949 0.237391 -7.22942e-14 0.142052
0.29234 -101.555 0.236249 -5.4424e-14 0.140115
0.29359 -102.102 0.234901 -5.76564e-14 0.13816
0.294843 -102.592 0.234541 -2.86051e-14 0.136192
0.296098 -103.028 0.234207 8.63309e-15 0.134213
0.297357 -103.414 0.234378 6.24449e-15 0.132224
0.298619 -103.753 0.234777 -2.5033e-14 0.130237
0.299883 -104.05 0.234483 -2.27097e-16 0.128249
0.301151 -104.306 0.233436 -5.25344e-14 0.126265
0.302421 -104.523 0.233319 -6.00888e-14 0.124286
0.303694 -104.701 0.232284 -2.70979e-14 0.122316
0.304971 -104.844 0.230848 -5.81249e-14 0.120357
0.30625 -104.952 0.228936 -4.34509e-14 0.118411
0.307532 -105.029 0.226018 1.16807e-14 0.116479
0.308817 -105.075 0.2231 4.06919e-14 0.114565
0.310105 -105.093 0.220048 4.88332e-14 0.112665
0.311396 -105.081 0.216286 8.29439e-14 0.110784
0.312691 -105.045 0.211939 4.78214e-14 0.108928
0.313988 -104.988 0.206978 1.27755e-14 0.107093
0.315288 -104.911 0.202732 1.31294e-14 0.105281
0.316591 -104.813 0.197674 3.78256e-14 0.103492
0.317897 -104.697 0.193146 3.22782e-14 0.101728
0.319206 -104.566 0.189079 7.91531e-14 0.0999906
0.320519 -104.42 0.184486 6.52704e-14 0.098279
0.321834 -104.259 0.180473 2.76342e-14 0.0965945
0.323152 -104.085 0.176541 7.28843e-15 0.0949375
0.324474 -103.901 0.169449 -1.41315e-14 0.093306
0.325798 -103.701 0.17002 -5.15093e-14 0.0917047
0.327126 -103.493 0.166928 -2.73667e-14 0.0901302
0.328457 -103.276 0.163828 -1.64339e-14 0.0885835
0.32979 -103.049 0.1615 4.03957e-15 0.0870643
0.331127 -102.813 0.159206 6.61196e-16 0.0855725
0.332467 -102.568 0.157259 3.38517e-15 0.0841078
0.33381 -102.316 0.155437 1.31336e-14 0.0826702
0.335156 -102.057 0.154131 5.68415e-14 0.081259
0.336505 -101.793 0.153186 4.23219e-14 0.0798742
0.337858 -101.523 0.152475 6.05421e-14 0.0785154
0.339213 -101.248 0.152335 2.38762e-14 0.0771806
0.340572 -100.971 0.152282 7.06569e-14 0.075873
0.341934 -100.691 0.152532 5.35824e-14 0.0745893
0.343299 -100.41 0.153005 3.81697e-15 0.0733297
0.344667 -100.128 0.153662 3.92828e-14 0.0720936
0.346039 -99.8447 0.154466 4.11467e-14 0.0708807
0.347413 -99.5601 0.155234 3.05801e-14 0.0696903
0.348791 -99.2742 0.156207 3.46173e-14 0.0685222
0.350172 -98.9864 0.157236 8.24291e-14 0.0673764
0.351556 -98.6971 0.158495 4.05475e-14 0.0662524
0.352943 -98.4044 0.158942 6.35281e-15 0.065141
0.354334 -98.1092 0.160558 4.2163e-14 0.0640576
0.355728 -97.8145 0.161476 -1.29022e-14 0.0629942
0.357125 -97.5191 0.162595 6.42537e-15 0.0619495
0.358525 -97.2226 0.163713 -2.71417e-14 0.0609238
0.359928 -96.9253 0.164848 8.06365e-16 0.0599167
0.361335 -96.6272 0.165944 2.9557e-14 0.0589279
0.362745 -96.3288 0.167052 -2.83662e-14 0.0579574
0.364159 -96.0308 0.168094 2.64821e-14 0.0570048
0.365575 -95.735 0.169025 7.03234e-14 0.0560699
0.366995 -95.4413 0.169858 8.9171e-15 0.0551521
0.368418 -95.1492 0.170506 7.91267e-14 0.0542513
0.369845 -94.8589 0.170877 6.43062e-14 0.0533679
0.371275 -94.57 0.171111 4.4044e-14 0.0525001
0.372708 -94.2826 0.171132 1.25478e-14 0.0516479
0.374144 -93.9961 0.170864 3.57857e-14 0.0508111
0.375584 -93.7107 0.170324 5.32943e-14 0.0499893
0.377027 -93.4263 0.169377 4.78224e-15 0.0491819
0.378473 -93.1429 0.168122 -2.42924e-16 0.0483885
0.379923 -92.8609 0.166498 -1.40171e-14 0.0476086
0.381376 -92.5802 0.164581 -2.51581e-14 0.0468417
0.382833 -92.3005 0.162343 -3.73053e-14 0.0460874
0.384293 -92.0224 0.159778 -3.36494e-14 0.0453454
0.385756 -91.746 0.156996 -8.21369e-15 0.0446146
0.387223 -91.4711 0.154174 -1.5046e-14 0.0438938
0.388693 -91.1977 0.151321 -6.81073e-14 0.0431834
0.390167 -90.926 0.148437 -4.89404e-14 0.0424831
0.391644 -90.6565 0.14562 -9.38407e-14 0.0417929
0.393124 -90.3895 0.142862 -1.69594e-14 0.0411125
0.394608 -90.125 0.140301 3.59651e-14 0.0404418
0.396095 -89.8617 0.13794 -2.39956e-14 0.0397809
0.397586 -89.5982 0.135886 -5.01235e-14 0.039129
0.39908 -89.3371 0.134199 -2.72987e-14 0.0384875
0.400578 -89.0852 0.132681 -1.24592e-13 0.0378552
0.402079 -88.8375 0.131412 -7.25382e-14 0.0372328
0.403583 -88.5917 0.130427 -1.10974e-14 0.0366201
0.405091 -88.3474 0.12979 -3.68906e-14 0.0360172
0.406603 -88.1046 0.129311 -1.52106e-14 0.035424
0.408118 -87.8633 0.12897 -7.25328e-14 0.0348406
0.409637 -87.6241 0.128653 -1.08821e-14 0.0342669
0.411159 -87.3866 0.128332 6.23919e-14 0.0337026
0.412685 -87.1512 0.128037 9.0019e-15 0.0331478
0.414214 -86.9178 0.127507 1.90429e-14 0.032602
0.415747 -86.6867 0.12668 -4.5374e-14 0.0320662
0.417283 -86.4581 0.125569 -5.9673e-14 0.0315384
0.418823 -86.2315 0.124147 -7.98216e-14 0.0310182
0.420366 -86.007 0.12243 -9.80821e-14 0.0305055
0.421913 -85.7843 0.120242 -8.81345e-14 0.0299999
0.423464 -85.5635 0.117773 -1.17751e-13 0.029501
0.425018 -85.3451 0.11501 -8.39907e-14 0.0290084
0.426576 -85.1291 0.111869 -3.85346e-14 0.0285219
0.428137 -84.9158 0.108461 -1.05119e-13 0.028041
0.429703 -84.7055 0.104845 -7.38487e-14 0.0275652
0.431271 -84.4979 0.10083 -6.28153e-14 0.0270938
0.432844 -84.2935 0.0970191 -7.85801e-14 0.0266281
0.43442 -84.0927 0.0928561 -9.05492e-14 0.0261663
0.435999 -83.8948 0.0887855 -6.66831e-14 0.0257082
0.437583 -83.6997 0.0847758 -6.81532e-14 0.025254
0.43917 -83.5073 0.0811151 -1.22974e-13 0.0248034
0.44076 -83.317 0.0775211 -1.41669e-13 0.0243563
0.442355 -83.1291 0.0742913 -1.33538e-13 0.0239128
0.443953 -82.9437 0.0714248 -8.40942e-14 0.0234728
0.445555 -82.761 0.0690571 -1.33436e-13 0.0230363
0.44716 -82.5808 0.0670727 -1.33358e-13 0.0226029
0.448769 -82.4001 0.0562331 -1.13927e-13 0.0221743
0.450382 -82.2285 0.0645112 -8.12299e-14 0.0217468
0.451999 -82.0563 0.0641024 -1.02858e-13 0.021323
0.453619 -81.8869 0.0640349 -9.58556e-14 0.0209018
0.455244 -81.7203 0.0644528 -1.87555e-13 0.0204831
0.456872 -81.5567 0.0652659 -1.32258e-13 0.0200665
0.458503 -81.3963 0.0665284 -1.02615e-13 0.0196517
0.460139 -81.239 0.0678845 -1.08046e-13 0.0192381
0.461778 -81.0849 0.0695143 -1.26872e-13 0.0188247
0.463422 -80.9335 0.0712309 -1.43062e-13 0.0184104
0.465069 -80.7854 0.0741066 -1.79305e-13 0.0179935
0.466719 -80.642 0.0745765 -7.91298e-14 0.0175734
0.468374 -80.503 0.0761227 -1.28399e-13 0.0171483
0.470032 -80.3691 0.0777872 -1.12212e-13 0.016715
0.471695 -80.2409 0.0795111 -1.28023e-13 0.0162717
0.473361 -80.1186 0.0811186 -9.84556e-14 0.0158131
0.475031 -80.0027 0.0827844 -8.98127e-14 0.0153335
0.476705 -79.8965 0.0843265 -1.43586e-13 0.0148242
0.478383 -79.8118 0.0857168 -1.32579e-13 0.0142708
0.480064 -79.7699 0.0868222 -1.52367e-13 0.0136466
0.48175 -79.7743 0.0875893 -1.13976e-13 0.0128953
0.48344 -79.9907 0.0883387 -9.75866e-14 0.0119279
0.485133 -82.7416 0.09096 -8.20353e-14 0.0106961
0.48683 -134.735 0.977952 -1.36145e-13 0.0096912
